size=9x11
10000010000
01100010100
11000011000
00000000000
00000000000
00000000000
00000000011
00000000101
00000000001

size=10x10
1100000000
1010000000
0000000000
0010100000
0000000000
0000101000
0000000000
0000001010
0000000001
0000000011

size=13x13
0000001000000
0000010100000
0000010100000
0000001000000
0000000000000
0110000000110
1001000001001
0110000000110
0000000000000
0000001000000
0000010100000
0000010100000
0000001000000

size=4x5
10100
11010
00010
00011

size=15x18
000000000000000011
000000000000000101
000000000000001000
000000000000010000
000000000000100000
000000000001000000
000000000010000000
000000000100000000
000000001000000000
000000010000000000
000000100000000000
000001000000000000
111110000000000000
111100000000000000
101100000000000000

size=33x50
00000000000000000000000000000000000000000000000101
00000000000000000000000000000000000000110000000110
00000000000000000000000000000000000000110000000010
00011000000000000000000000000000000000000000000000
00010000000000000000000000000000000000000000000000
00001000000000000000000000000000000000000000000000
00011000000000000000000000000000000000000000000000
00000000000011000000000000000000000000000000000000
00000000000101000000000000000000000000000000000000
00000000000010000000000000000000000000000001000000
00000000000000000000000000000000000000110001010000
00000000000000000000000000000000000001001001100000
11000000000000000000000000000000000000110000000000
11000000000000000000000000000001100000000000000000
00000000000000000000000000000001100000000000000000
00000000000000000000000000000000000000000000000000
00000000000000000000000000000000000000000000000000
00000000000000000000000000000000000000000000000000
00000000000000000000000000000000000000000000000000
00000000000000000000000000000000000000000000000000
00000000000000000000000000000000000000000000000000
00000000000000000000000000000000000000000000110000
00000000000000000000000000000000000000000000110000
00000000000000000000000000000000000000001100000000
00000000000000000000000000000000000000001010000000
00000000000000000000000000000000000000000010000000
00000000000000000000000000000000000000000011000000
00000000000000000000000000000110000000000000000000
00000000000000000000000000000110000000000000000000
00000000000000000000000000000000000000000000000000
00000000000000000000000000000000000000000000000000
00000000000000000000000000011000000000000000000000
00000000000000000000000000011000000000000000000000

size=61x45
000000000000000000000000000000010000000000000
000000000000000001000000000000111000000000000
000000000000000011100001110000101100000000000
000000000111000010110001001000011100111000000
000000000100100001110001000000011000100000000
000000000100000001100001000100000000010000000
000000000100010000000001000100000000000000000
111000000100010000000001000000000000000000000
100100000100000000000000101000000000000000000
100000000010100000000000000000000000000000000
100000000000000000000000000000000000000000000
010100000000000000000000000000000000000000000
000000000000000000000000000000000000000000000
000000000000000000000000000000000000000000000
000000000010000000000000000000000000000000000
000000000111000000000000000000000000000000000
000000000101100000000000000000000000000000000
000000000011100000000000000000000000000000000
000000000011000000000000000000000000000000000
000000000000000000000000000000000000000000000
000000000000000000000000000000000000000000000
000000000000000111000000000000000000000000000
000000000000000100100001000001110000000000000
000000000000000100000011100001001000010000000
000000000000000100000110100001000000111000000
000011100000000010100111000001000001101000000
000010010000000000000111000000101001110000000
000010000000000000000111000000000001110000000
000010000000000000000011000000000001110000000
000001010000000000000000000000000000110000000
000000000000000000000000000000000000000000010
000000000000000000000000000000000000000000111
000000000000000000000000000000000000000001101
000000000000000000000000000000000000000001110
000000000000000000000000000000000000000000110
000000000000000000000000000000000000000000000
000000000000000000000000000000000000000000000
000000000000000000000000000000000000000000000
000000000000000000000000000000000000000000000
000000000000000000000000000000000000000000000
000000000000000000000000000000000000000000000
000000000000000000000000000000000000000001000
000000000000000000000000000000111000000011100
000000000000000011100000100001001000000110100
000000000010000100100001110000001000000111000
000000000111000000100001011000001000000111000
000000000101100000100000111001010000000011000
000000000011100101000000111000000000000000000
010000000011100000000000111000000000000000000
111000000011100000000000110000000000000000000
101100000011000000000000000000000000000000000
011100000000000000000000000000000000000000100
011000000000000000000000000000000000000001110
000000000000000000000000000000000000000011010
000000000000000000000000000000000000000011100
000000000000000000000000000000000000000001100
000000000111000000000000000000000000000000000
000000001001000000000000000000000000000000000
000000000001000000000000000000000000000000000
000000000001000000000000000000000000000000000
000000001010000000000000000000000000000000000

size=4x4
1100
0100
0111
0010

size=18x19
0000000000000000100
0110000000000010001
1101110000000100000
0111110000000100001
0011111000001011110
0000001110101100000
0000001110000100000
0000001110111000000
0000000000110000000
0000000000110000000
0000001110111000000
0000001110000100000
0000001110101100000
0011111000001011110
0111110000000100001
1101110000000100000
0110000000000010001
0000000000000000100

size=4x4
0111
0100
0010
1110

size=4x5
00100
01010
01010
11011

size=3x5
01110
10001
11011

size=4x5
00110
01011
11010
01100

size=9x9
110000000
101000000
000000000
001010000
000000000
000010100
000000000
000000101
000000011

size=6x20
10010000000000000000
00001000110000000000
10001001110000011110
01111001101000010001
00000000111000010000
00000000010000001001

size=12x11
00011010000
00010110000
00000000000
00001110000
00010101011
00010001011
11010001000
11010001000
00001110000
00000000000
00001101000
00001011000

size=39x39
000000000000000000000011000000000000000
000000000000000000000011000000000000000
000000000000000000000000000000000000000
000000000000000000000000000000000000000
000000000000000000000000000000000000000
000000000000000000000000000000000000000
000000000000000000000000000000000000000
000000000000000000000000000000000000000
000000000000000000000000000000000000000
000000000000000000000000000000000000000
000000000000000000000000000000000000000
000000000000000000000000000000000000000
000000000100000000001100011000000000000
000000010100000000000011100000000000000
000000101000000000000100010000000000000
110001001000000000000010100000000000000
110000101000000000000001000000000000000
000000010100000010100000000000000000000
000000000100000011000000000000000000000
000000000000000001000100000000000000000
000000000000000000000110000001000000000
000000000000000000001010000001010000000
000000000000000100000000000000101000011
000000000000001010000000000000100100011
000000000000010001000000000000101000000
000000000000001110000000000001010000000
000000000000110001100000000001000000000
000000000000000000000000000000000000000
000000000000000000000000000000000000000
000000000000000000000000000000000000000
000000000000000000000000000000000000000
000000000000000000000000000000000000000
000000000000000000000000000000000000000
000000000000000000000000000000000000000
000000000000000000000000000000000000000
000000000000000000000000000000000000000
000000000000000000000000000000000000000
000000000000000110000000000000000000000
000000000000000110000000000000000000000

size=17x17
00000110001100000
00000101010100000
00000010001000000
00000000000000000
00000110001100000
11001010001010011
10101100000110101
01000000000000010
00000000000000000
01000000000000010
10101100000110101
11001010001010011
00000110001100000
00000000000000000
00000010001000000
00000101010100000
00000110001100000

size=5x7
0001100
0100001
1000000
1000001
1111110

size=13x13
1111000001001
1000100010000
1000000010001
0100100011110
0000000000000
0000011000000
0000011000000
0000011000000
0000000000000
0100100011110
1000000010001
1000100010000
1111000001001

size=5x6
001100
010010
101101
010010
001100

size=4x3
100
111
101
001

size=27x30
000000000101000000000000000000
000000001001000000000000000000
000000011000000000000000000000
000000100010000000000000000000
000001110100000000000000000000
001100000000000000000000000000
010001111100000001111000001001
100010000000000001000100010000
100000110000000001000000010001
111000111100000000100100011110
010000000100000000000000000000
011000000000000000000011000000
010100000000000000000011000000
011001101000000001010011000000
001011101000101111010011000000
000000000110101100100011000111
000011111101100011110011000111
000001000011100000010011000111
000000110000011001100011000000
000000010010000011110011000000
000000001010110000010011000000
000000000000000000000011000000
000000000000000000000000000000
000000000000000000100100011110
000000000000000001000000010001
000000000000000001000100010000
000000000000000001111000001001

size=12x11
00000110000
00000110000
00000000000
00011110000
10100001000
11010001000
00010001011
00010000101
00001111000
00000000000
00001100000
00001100000

size=19x24
000000000001100000000000
000011000100001000110000
010010010100001010010010
101010110100001011010101
010010010101101010010010
000011000010010000110000
000000000001100000000000
000000010010010010000000
000000101100001101000000
000000010000000010000000
000000000000000000000000
000110000000000000011000
000100111100001111001000
000010101010010101010000
000110100011110001011000
000000011000000110000000
000000000110011000000000
000000000100101000000000
000000000011000000000000

size=18x19
0000001100000000000
0000010100000000000
0001110000000000000
0010001000000100000
0011011000000111000
0000000000000101000
0000000000000001000
0000000000000000000
0000000000000000000
1101000000000000000
1011000000000000000
0000000000000000000
0000000000000000000
0000000000000000000
0000000000000001100
0000000000000001000
0000000000000000111
0000000000000000001

size=13x16
0000100000000000
0000111000000000
0000000100000000
0000001001100000
1011010110010000
1101010000010000
0000010000100000
0000100000101011
0000100110101101
0000011001000000
0000000010000000
0000000001110000
0000000000010000

size=19x36
000000000100000000000000000000000000
000000001010000000000000000000000000
000000111010000000000000000000000000
000001000011010000000000000000000000
000001011000110000001100000000000000
000011010110000000001010000000000000
000000000101111100000010010110000000
001011011010000010000110101101000000
000001100000111100000000100001000000
100010100100010100001101011110110000
100010100110101101100001010000101000
000001100011101101011101001110001000
001011011011000000000000010100101011
000000000001000000101010100110101010
000011010101100000011010101000101010
000001011010010000000101100111101100
000001000010100000000100011000000000
000011000011000000001100010010000000
000000000000000000000000000110000000

size=7x16
0000000110000000
0011010000101100
0010000000000100
0001100000011000
1110011111100111
1001000000001001
0110000000000110

