size=12x11
00011010000
00010110000
00000000000
00001110000
00010101011
00011001011
11010001000
11010001000
00001110000
00000000000
00001101000
00001011000

size=34x34
0000000000000000000000000110000011
0000000000000000000000000110000011
0000000000000000000000000000000000
0000000000000000000000000000000000
0000000000000000000000000000000000
0000000000000000000000000000000000
0000000000000000000000000000000000
0000000000000000000000000000000000
0000000000000000000000000000000000
0000000000000000000000000000000000
0000000000000000000000000000000000
0000000000000000000000000000000000
0000000000000000000000000000000000
0000000000000000000000000001101100
0000000000000000000000000010000010
0000000000000000000000000000000000
0000000000000000000000000100000001
0000000000000000000000000100101001
0000000000000000000000000111000111
0000000000000000000000000000000000
0000000000000000000000000000000000
0000000000000000000000000000000000
0000000000000000000000000000000000
0000000000000000010000000000000000
1100000000000000011000000000000000
1100000000000000001100000000000000
0000000000000110011000000000000000
0000000000000000000000000000000000
0000000000000000000000000000000000
0000000000000000000000000000000000
0000000000000110011000000000000000
1100000000000000001100000001100000
1100000000000000011000000001100000
0000000000000000010000000000000000

size=15x15
000000000010100
000000000100000
000000000010010
000000000000111
000000000000000
000000000000000
000000000000000
000000000000000
000000000000000
010000000000000
101000000000000
000000000000000
100100000000000
001100000000000
000100000000000

size=11x21
000000000011010000000
000000111010111000000
001010000000000100011
110000110000010001111
001011001000011101000
000000001000010000000
001011001000011101000
110000110000010001111
001010000000000100011
000000111010111000000
000000000011010000000

size=9x9
001100000
010010000
010100100
110101100
100000000
011101111
000001001
101100000
110110000

