size=4x4
0011
0011
1110
0100

size=15x14
00011000000000
00010100000000
00010000000000
11010000000000
10000100000000
10110000001110
00000111000011
00000011101010
00000000000001
00000010100000
00000110100000
00000010000000
00001101000000
00000001000000
00000110000000

size=13x13
0110000000000
1100000000000
0010000000000
0000100001110
0000111000011
0000011101010
0000000000001
0000010100000
0000110100000
0000010000000
0001101000000
0000001000000
0000110000000

size=8x8
00011000
00100100
01000010
10000001
10000001
01000010
00100100
00011000

size=12x12
000000111111
011110100001
010010101101
010010101101
011110100001
000000111111
111111000000
100001011110
101101010010
101101010010
100001011110
111111000000

size=1x5
11111

size=16x16
0000000110000000
0000000110000000
0000000000000000
0000001111000000
0000010000100000
0000100000010000
0001000000001000
1101000000001011
1101000000001011
0001000000001000
0000100000010000
0000010000100000
0000001111000000
0000000000000000
0000000110000000
0000000110000000

size=5x12
000000000010
010000000101
101110011010
010010010000
000010010000

