size=8x9
110000000
010000000
010100000
001100000
000001100
000001010
000000010
000000011

size=2x39
110000001110000001111000000111000000110
110000000100000000000000000001000000011

size=2x4
0111
1110

size=12x15
000000011100000
000000010000000
000000001000000
000000000011000
000000000001000
000000000000000
000000001100010
111000001100101
100000010100010
010000110000000
000111101000000
000011000000000

size=8x47
00000000000000000000010010000000000000000000000
00000111100000000000100000000000000111100000000
00000100010000000000100010000000000100010000000
00000100000000110000111100000000000100000000110
01100010010001111000000000001100000010010001111
10010000000011011000000000011011000000000011011
10100000000001100000000000001111000000000001100
01000000000000000000000000000110000000000000000

size=36x34
0000000110000000000000000000000000
0000000101000000000000000000000000
0000000100000000000000000000000000
0000000000100000000000000000000000
0000000000110000000000000000000000
0000000000110000000000000000000000
0000000001100000000000000000000000
1100000011000100000000000000000000
1010001100101010000000000000000000
1000001110000101000000000000000000
0001000000000010100000000000000000
0001100000000001010000000000000000
0000000000000000101000000000000000
0000000000000000010100010000000000
0000000000000000001100101000000000
0000000000000000000001101000000000
0000000000000000000001100000000000
0000000000000000000001100000000000
0000000000000000000000000000000110
0000000000000000000000010000110100
0000000000000000000000011100110000
0000000000000000000000011100110000
0000000000000000000000001100000000
0000000000000000000000000000000000
0000000000000000000000000010000000
0000000000000000000000000110000000
0000000000000000000000000100000000
0000000000000000000000000010000000
0000000000000000000000000000000000
0000000000000000000000000001100000
0000000000000000000000000000101100
0000000000000000000000000000000010
0000000000000000000000000000011000
0000000000000000000000000000011000
0000000000000000000000000000000100
0000000000000000000000000000000011

size=5x9
010000010
101000101
100101001
001000100
001101100

size=7x6
000011
000001
001000
001100
000000
111100
100100

size=5x5
01000
10100
01010
00010
00011

size=11x16
0000011000000000
0000100100110000
0000110100010000
0000001011100001
0011101010000111
0100100100001000
1010010001001100
0100000000000000
0011011011011000
0001000100010000
0001000100010000

size=3x3
111
010
010

size=21x45
000000000000000000110000000000000000000000000
000000000000000000010000000100000000000000000
000000000000000000010100000000000000110000000
000000000000000000001100000000000011001000000
000000000000000000000000111000000011011000000
000000000000000000000000110110000000111000000
000000000000000000000000100110000000000001100
000000000000000000000000011000000000000001010
000000000000000000000000000000000001000000010
000000000000000000000000000000000000000000011
000000000000000000000000000000000000000000000
110000000000000000000000010000000000000000000
010000000000000000000001010000000000000000000
010100000000000001110000110000000000000000000
001100010000000010001000000000000000000000000
000000101100000010000100000000000000000000000
000001000010000001101000000000100000000000000
000000100010000000010001100000010000000000000
000000011100000000000001010001110000000000000
000000000000000000000000010000000000000000000
000000000000000000000000011000000000000000000

size=5x4
1001
1111
0000
1111
1001

size=6x6
010000
101000
100100
011010
000010
000011

size=10x18
010000000000000010
010000000000000010
101000000000000101
010000000000000010
010000001000000010
010000001100000010
010000001100000010
101000000100000101
010000000000000010
010000000000000010

size=11x19
0000001100011000000
0000001010101000000
0000000100010000000
0000000000000000000
0010101000001010100
1110101100011010111
0010101000001010100
0000000000000000000
0000000100010000000
0000001010101000000
0000001100011000000

size=12x11
00000100000
00001010000
00001100000
00110000000
01000111000
10011000101
01100001011
00010101000
00010001000
00001110000
00000010100
00000001100

size=48x48
000000000000000000000110000110000000000000000000
000000000000000000000101001010000000000000000000
000000000000000000000001001000000000000000000000
000000000000000000000011001100000000000000000000
000000000000000000000111001110000000000000000000
000000000000000000000001001000000000000000000000
000000000000000000000000000000010000000000000000
000000000000000000000000000000101100000000000000
000000000000000000000000000000000010000000000000
000000000000000000000000001000100101000000000000
000000000000000000000000001000001001000000000000
000000000000000000000000001000000110000000000000
000000000110000000000000000000000000000000000000
000000001001000000000011100011100000000000000000
000000010101000000000000000000000000000000000000
000000111010000000000000001000000000000000000000
000000111000000000000000001000000000000000000000
000000000000000000000000001000000000000000000000
000000000000111000000000000000000000000000000000
110010000000000000000111000000000000000000000000
100110000010000010000000000000000000000000000000
011111000010000010010000010000000000000000010011
000000000010000010010000010000000000000000011001
000000000000000000010000010000000111000000111110
011111000000111000000000000000000000000000000000
100110000000000000000111000000010000010000000000
110010000000000000000000000000010000010000111110
000000000000000000000000000000010000010000011001
000000000000000000000000000000000000000000010011
000000000000000000000000000000000111000000000000
000000000000000000000000000000000000000110000000
000000000000000000000000000000000000001110000000
000000000000000000000000000000000000010110000000
000000000000000000000000000000000000101000000000
000000000000000000001110000000000000100100000000
000000000000000000000000000000000000011000000000
000000000000011000010010000000000000000000000000
000000000000100100000000000000000000000000000000
000000000000101010000000000000000000000000000000
000000000000010010000000000000000000000000000000
000000000000000001000000000000000000000000000000
000000000000001010000000000000000000000000000000
000000000000000000000100100000000000000000000000
000000000000000000011100111000000000000000000000
000000000000000000001100110000000000000000000000
000000000000000000000100100000000000000000000000
000000000000000000010100101000000000000000000000
000000000000000000011000011000000000000000000000

size=4x14
10000000000000
11000000000011
01100000000011
11000000000000

size=5x9
001000100
010101010
010101010
110101011
000010000

size=5x8
11000011
10100101
00100100
00100100
00011000

size=57x59
00000000000000000000000000000000000000000100000000000000000
00000000000000000000000000000000000000001110000000000000000
00000000000000000000000000000000000000011010000010000000000
00000000000000000000000000000000000000011100000111000000000
00000000000000000000000000000000000000001100001001100011100
00000000000000000000000000000000000000000000001110000100100
00000000000000000000000000000000000000000000000000000000100
00000000000000000000000000000000000000000000000000000000100
00000000000000000000000000000000000000000000000000000000100
00000000000000000000000000000000000000001110000000000001000
00000000000000000000000000000000000000001001000000000000000
00000000000000000000000000000000000000001000000000000000000
00000000000000000000000000000000000000001000000000000000000
00000000000000000000000000000000000000000100000000000000000
00000000000000000000000000000000000000000000000000000000000
00000000000000000000000000000000000000000000000000000000000
00000000000000000000000000000000000000000000000000000000000
00000000000000000000000000000000000000000000000000000000000
00000000000000000000000000000000000000000000000000000000000
00000000000000000000000000000000000000000000000000000000000
00000000000000000000000000000000000000111000000000000000000
00000000000000000000000000000000000000100100000000000100000
00000000000000000000000000000000000000100000000000001110000
00000000000000000000000000000000000000100000000000011010000
00000000000000000000000000000000000000100000000000011100000
00000000000000000000000000000000000000010000000000001100000
00000000000000000000000000000000000000000000000000000000000
00000000000000000000000000000000000000000000000000000000000
00000000000000000000000000000000000111000000000000000000000
00000000000000000000000000000000001111100000000000000000000
00000000000000000000000000000000001110110000000110000000010
00000000000000000000000000000000000001100000001111000000001
00000000000000000000000000000000000000000000001101100010001
00000000000000000000000000000000000000000000000011000001111
00000000000000000000000000000000000000000000000000000000000
00000000000000000000000000000000000000000000000000000000000
00000000000000000000100000000000000000000000000000000000000
00000000000000000000010000000000000000000000000000000000000
01100000000000001000010000000000000000000000000000000011100
11110000000000000111110000000000000000000000000000000000100
11011000000000000000000000000000000000000000000000000000100
00110000000000000000000000000000000000000000000000000001000
00000000000000000000000000000000000010000000000000000000000
00000000000000000000000000000000000001000000000000000000000
00000000000000000000011000000000010001000000000000000000000
00000000000000000000001100000000001111000000000000000110000
00000000000000000000011000000000000000000000000000111011000
00000000000000000000010000000000000000000000000000111110000
00000000000000000000000000000000000000000000000000011100000
00000000000000000000000000000000000000000000000000000000000
00000000000000000000001100000000000000000000000000000000000
00000000000001111000011110000000000000000000000000000000000
00000000000010001000011011000000000000000000000000000000000
01111100000000001000000110000000000000000000000000000000000
10000100000000010000000000000000000000000000000000000000000
00000100000000000000000000000000000000000000000000000000000
00001000000000000000000000000000000000000000000000000000000

size=14x18
000000000110000000
000000000100000000
000000000010011000
000000011101001000
000000100001101011
000000101100101011
000110100011001000
000100110001011000
110101001101000000
110101100001000000
000100101110000000
000110010000000000
000000001000000000
000000011000000000

size=2x3
111
010

size=7x7
0011100
0000000
1000001
1000001
1000001
0000000
0011100

size=11x18
010000000000000000
010000000000000010
101000000000000010
010000000000000101
010000001000000010
010000001100000010
010000001100000010
101000000100000010
010000000000000101
010000000000000010
000000000000000010

size=8x16
0011100000000000
0000000000011100
1000001000000000
1000001001000001
1000001001000001
0000000001000001
0011100000000000
0000000000011100

size=13x13
0000101000000
0000110100000
0000000111000
0000110000100
1101001100100
0101000010110
1000100010001
0110100001010
0010011001011
0010000110000
0001110000000
0000010110000
0000001010000

size=8x58
0000000000000011000001100000110000011000001100000000000000
0000000100000100000010000001000000100000010000000000000000
0000001100010000101000010100001010000101000010101011000000
0011010111010011001001100100110010011001001100100100101100
1001011000000000000000000000000000000000000000001111101001
1101000000000000000000000000000000000000000000000011001011
0001000000000000000000000000000000000000000000000000001000
0001100000000000000000000000000000000000000000000000011000

size=11x28
0000000100000000000000100000
0001100010000000001100010000
0001000001011000001000001000
1101010000001000000111010110
1101011011110000000000001101
0001010000000000011111100001
0001010111000000010000111110
0000101000100000000010000000
0000001001100000000101111000
0000001100000000000101001000
0000000000000000000010000000

size=12x15
000010000001100
000101011001000
000101010101000
001101000101100
100011010110001
000100000001000
000100000001000
100011010110001
001101000101100
000101010101000
000101011001000
000010000001100

size=9x9
000010000
000010000
000110000
001000000
100100111
100010100
100001000
000000000
001110000

size=17x27
011000000000000000000000000
011000000000000000000000000
000000000000000000000000000
000000000000000100000000000
110000000000000110000000011
110000000000000011000000011
000000000001100110000000000
000000000000000000000000000
000000000000000000000000000
000000000000000000000000000
000000000001100110000000000
110000000000000011000000000
110000000000000110000000000
000000000000000100000000000
000000000000000000000000000
011000000000000000000000000
011000000000000000000000000

size=5x3
111
000
010
010
010

size=6x15
010000000000011
101000010000001
000000010000100
001001000100100
001100000010000
000100000000000

size=5x5
11000
10100
01010
00010
00011

size=6x6
110000
101000
000000
001010
000001
000011

size=3x3
010
101
010

size=7x7
0010000
0011100
1100010
0101010
0100000
0011001
0000011

size=3x38
10000000000000000001000000010000000100
11000000111000000110000000101000000010
00000000000000000000000000000000000001

size=24x24
000000011000110000000000
000000100000001000000000
000000000101000000000000
000000011000110000000000
000000000000000000000000
000000000000000000000000
000000000000000000000000
000000000000000000000111
000000000000000000001110
000000000000010000000000
111000000000111000000000
011100000000000000000000
000000000000000000001110
000000000000000000000111
000000000000000000000000
011100000000000000000000
111000000000111000000000
000000000000010000000000
000000000000000000000000
000000000000000000000000
000000000011000110000000
000000000000101000000000
000000000100000001000000
000000000011000110000000

size=2x4
1111
1001

size=10x12
011100000001
011001011011
000111000010
010010100010
100001000010
100001000010
010010100010
000111000010
011001011011
011100000001

size=10x21
011100000000000000000
100000000000000000011
100010000000000001011
100101000000000010000
001010010000000000010
000100010000000110100
000000010000000110000
000011100001000000000
000000000110000000000
000000000001000000000

size=4x4
1110
1001
1001
0110

size=12x11
00000100000
00000100000
00001110000
00000000000
00000000000
00000000000
00011111000
00101110100
00101010100
01101010110
10011011001
11000000011

size=2x6
111111
111000

