size=19x13
0110000001100
1001000010010
1001000010010
1001000010010
0110000001100
0000000000000
0000000000000
0000000100000
0000010010110
0000001100110
0000000000000
0000000000000
0000001111000
0000011111100
0000111111110
0001100000011
0000111111110
0000011111100
0000001111000

size=7x6
000110
001001
100101
100010
100000
000100
011000

size=17x22
0000000000000000010000
0000000000000000100100
0000000000000000011100
0000000000000000010010
0000000000000000000000
1100000000000000001000
0100000000000000001000
0000000000000000001000
0000000000000000000000
0000000000000000000000
0000000000000000000000
0000000000000000000000
0000000000000000000000
0000000000000000000000
0000000000000000000000
0000000000000000000111
0000000000011100000000

size=9x13
0001000001000
0001100011000
1001100011001
1110010100111
0000010100000
1110010100111
1001100011001
0001100011000
0001000001000

