size=7x7
0110110
1011001
1100001
0100010
1000011
1001101
0110110

size=18x18
000000000001000000
000000000110100000
000000011000000000
000000000011000000
000000011100000000
000000000000000000
111000000000000000
000110011101100000
000000000011111110
011111110000000000
000001101110011000
000000000000000111
000000000000000000
000000001110000000
000000110000000000
000000000110000000
000001011000000000
000000100000000000

size=4x4
0110
1001
0101
0011

size=7x7
0001000
0001010
0100000
1011111
0100000
0001010
0001000

size=11x16
1100000000000011
0100000000000010
0101000000001010
0011000000001100
0000000000000000
0000011111100000
0000000000000000
0011000000001100
0101000000001010
0100000000000010
1100000000000011

size=10x22
0000000000110110000000
0000000011010110110000
0000011101001110011110
0111000011100000100001
1010101110100000000110
1010101111000000000000
0101000010010000000000
0000000000100000000000
0010000000000000000000
0010000000000000000000

size=11x16
0100000000000010
0100000000000010
1010000000000101
0100000000000010
0100000000000010
0010001111000100
0000001111000000
0011110000111100
0000000000000000
0000100000010000
0000011001100000

size=5x56
10000000000000000000000000000000000000000000000000000000
11000010000010000010000010000010000010000010000010000010
11100101000101000101000101000101000101000101000101000101
11000010000010000010000010000010000010000010000010000010
10000000000000000000000000000000000000000000000000000000

size=13x13
0000000011000
0000000010000
0000000001000
0000000011000
0000011000110
0000100111001
0000100000110
0000010001000
1101010001000
1011010110000
0000101000000
0000101000000
0000010000000

size=16x49
0000000000000000011000000000000000000000000000000
0000000000000110000100000000000000000000000000000
0000000000001110100000000000000000000000000000000
1011001100010001111010100001100000001100000000000
1000011001000000001011100001000011010010110100000
1011000011011000010000000000010001010110101100000
0000001000000010000000000000110000010010100011000
0000010000000001010000111000100001001010111000100
0000010000000001010000111011010011010100010011010
0000001000000010000000000000110100011000011000010
1011000011011000010000000000100000000110101011011
1000011001000000001011100000000100010001101001010
1011001100010001111010100000001010001100001001010
0000000000001110100000000000000100000101110000100
0000000000000110000100000000000000000101000000000
0000000000000000011000000000000000000010000000000

size=3x3
100
110
011

