size=4x6
110000
101000
000101
000011

size=11x58
0000110011001100110011001100110011001100110011001100110000
0000110011001100110011001100110011001100110011001100110000
0000000000000000000000000000000000000000000000000000000000
0011111111111111111111111111111111111111111111111111111100
0100000010000000000000000000000000000000000000000000000010
1011111000011111111111111111111111111111111111111111111101
0100000100000000000000000000000000000000000000000000000010
0011111111111111111111111111111111111111111111111111111100
0000000000000000000000000000000000000000000000000000000000
0000110011001100110011001100110011001100110011001100110000
0000110011001100110011001100110011001100110011001100110000

size=6x4
0011
0101
0100
0010
1010
1100

size=7x7
0000011
0000001
0000010
0000100
0001000
1010000
1100000

size=6x14
00110100101100
00100000000100
00011000011000
11100111100111
10010000001001
01100000000110

size=4x5
01001
10000
10001
1111

size=9x15
000000000011100
000000000010000
000000000010001
000000000001001
000000000000111
000000000000000
010000000000000
101000000000000
010000000000000

size=5x5
01000
10100
01010
00101
00010

size=5x5
00110
01001
10101
01010
00100

size=3x6
110011
100101
011000

size=34x34
0000000000000000100000000000000000
0000000000000001110000000000000000
0000000000000000000000000000000000
0000000000000000000000000000000000
0000000000000001110000000000000000
0000000000000000000000000000000000
0000000000000001010000000000000000
0000000000000001010000000000000000
0000000000000000000000000000000000
0000000000000001110000000000000000
0000000000000000000000000000000000
0000000000000000000000000000000000
0000000000000001110000000000000000
0000000000000000100000000000000000
0000000000000000000000000000000000
0100101101001000000000000000110000
1100100001001100011000000010000100
0100101101001000100100000100000010
0000000000000000101000001000000001
0000000000000000010000001000000001
0000000000000000000000001000000001
0000000000000000000000000100000010
0000000000000000000000000010000100
0000000000000000000000000000110000
0000000000000000001110000000000000
0000000000000000010001000000000000
0000000000000000100000100000000000
0000000000000000000000000000000000
0000000000000001000000010000000000
0000000000000001000000010000000000
0000000000000000000000000000000000
0000000000000000100000100000000000
0000000000000000010001000000000000
0000000000000000001110000000000000

size=4x4
0110
1001
0101
0010

size=4x4
0100
1010
0101
0011

size=4x4
1100
1010
0101
0011

size=8x9
000010000
001110000
010001100
101100010
010001101
001100010
000011100
000010000

size=9x15
000000000011100
000000000000000
000000000001101
000000000000101
000000000000001
000000000000000
010000000000000
101000000000000
010000000000000

size=6x6
000011
000001
000010
000100
101000
110000

size=3x5
11000
10101
00011

size=5x5
11000
10100
01010
00101
00011

size=10x10
0000110000
0001001000
0001001000
0110000110
1000000001
1000000001
0110000110
0001001000
0001001000
0000110000

size=5x5
01000
10100
01010
00101
00011

size=4x5
01100
10010
01010
11011

size=6x6
010000
101000
010100
001010
000101
000010

size=9x7
0110100
0101100
0000000
0011100
0100010
0100010
0010100
1010101
1100011

size=3x5
00011
10001
11110

size=7x12
000110110000
000110100011
000000001001
011111101110
100101000000
110001011000
000011011000

size=9x9
000100000
011100000
100000000
111111000
000000100
001000100
001101000
000000111
000000001

