size=16x15
000011110000000
000111111000000
001101111000000
000110000000000
000000000000000
000000000001100
010000000000001
100000000000000
100000000000001
111111111111110
000000000000000
000000000000000
000011110000000
000111111000000
001101111000000
000110000000000

size=7x17
00000001000000100
00000000100000011
00110011100000110
11011000000000000
11110000000001000
01100000000011000
00000000000010100

size=23x33
000000010000000000000000010000000
000000111000000000000000111000000
000001100001110000011100001100000
000110100111001000100111001011000
000010100101000101000101001010000
011010101010000101000010101010110
011000101000010000010000101000110
011101000100001010100001000101110
110000000001101010101100000000011
000000000000100000001000000000000
000000000110100000001011000000000
000000000010000000000010000000000
000000011010000000000010110000000
000000011000000000000000110000000
000000010101011101110101010000000
000000110001000101000100011000000
000000100100010101010001001000000
000000000110000101000011000000000
000001100001000101000100001100000
000000000101101000101101000000000
000000000010101010101010000000000
000000000000100101001000000000000
000000000001010000010100000000000

size=20x34
0010000000000000000000000000000000
0101000000000000000000000000000000
0101000000000000000000000010100010
0100000000000000000000000110101001
0000000000011100000000100000000010
1100000000011001011000100111100000
0101000000000111100101001100001100
0110000000010010001110000011100000
0010000000100001001100110010010000
0001001000100001001110101000011000
0000000101100001001111000001000000
0000110001100001001111000001000000
0000101000100001001110101000011000
0001100000100001001100110010010000
0000101000010010001110000011100000
0000010000000111100101001100001100
0000000000011001011000100111100000
0000000000011100000000100000000010
0000000000000000000000000110101001
0000000000000000000000000010100010

size=4x4
1100
0100
0100
0111

size=6x6
111000
111000
111000
000111
000111
000111

size=24x51
000000000000000000000001100000000000000000000000011
000000000000000000000001100000000000000000000000011
000000000000000000000000000000000000000001100000000
000000000000000000000000000000000000000010010000000
000000000000000000000000000000000000000001100000000
000000000000000000000000000000000000000000000000000
000000000000000000000000000000000000111000000000000
000000000000000000000000000000000000101000000000000
000000000110000000000000000000000000111000000000000
000000000110000000000000000000000000110000000000000
000000001001000000000000000000000001110000000000000
000000001001011000000000000000000001010000000000000
000000001000011000000000000000000001110000000000000
000000000011011000000000000000000000000000000000000
000000000000000000000000000000011000000000000000000
000000000000000000000110000000100100000000000000000
000000000000000000000110000000011000000000000000000
000000000000000000000000000000000000000000000000011
000000000000000000000000000000000000000000000000011
000000000000000000000000000000000000000000000000000
000011000000000000000000100000000000000000000000000
110000111100000000001100110111000000000000000000000
110011011100000000001100001111000000000000000000000
000010000000000000000000110000000000000000000000000

size=7x7
1101100
1101010
0000001
1110111
1000000
0101011
0011011

size=7x7
0000100
0000100
0010010
1100000
0000101
0010101
0000001

size=25x26
00000000001111000000000000
00001100011111100000000000
11110110011110110000000000
11111100000001100000000000
01111000000000000000000000
00000000000000000000000000
00000000000000001100000000
00000000000000100001000000
00000000000000000000000000
00000000000001010010100000
00000000000111101101111000
00000000101000010010000101
00000000110110100001011011
00000000000101000000101000
00000000110101000000101011
00000000110100000000001011
00000000000101011110101000
00000000000101000000101000
00000000001101011110101100
00000000001001110011100100
00000000000010011110010000
00000000000110100001011000
00000000000100100001001000
00000000000010010010010000
00000000000001100001100000

size=15x19
0000000001000000000
0000000000000000000
0001101000001011000
0001000001000001000
0000110110110110000
0000000000000000000
0000001100011000000
1100000000000000011
1001000101010001001
0111011111111101110
0000100001000010000
0001100000000011000
0001000000000001000
0000010000000100000
0000110000000110000

size=13x11
00110001100
00101010100
00001010000
00010101000
00011011000
01100000110
10010101001
01010001010
11010001011
00001110000
00000000000
00010110000
00011010000

size=10x10
0000110000
0000101000
0000011000
0000000110
1100000101
1010000011
0110000000
0001100000
0001010000
0000110000

size=5x7
0000110
1100101
1000001
0111110
0001000

size=9x10
1000000000
1110000000
0001000000
0010011000
0010000100
0001100100
0000001000
0000000111
0000000001

size=8x10
0001000000
0111000000
1000000000
0101110000
0100000100
0010010000
0010100101
0000000011

size=7x8
00011000
01000010
01000010
01000010
00100100
10100101
11000011

