size=18x18
000000000000000000
000000000000000000
000000000000000000
000000000000000000
000000000000000000
000000000011100000
000000000000000000
000000000000000000
000000000000000000
000000000000000000
000000000000000000
000000000000000000
000000000000000000
000000100000000000
000001011100000000
000000000000000000
000000000000000000
000000000000000000

size=13x13
0000000110000
0000000101000
0010000101100
0110000010000
1001000000000
1110000000000
0000000000000
0000000000111
0000000001001
0000100000110
0011010000100
0001010000000
0000110000000

size=4x6
011110
100001
011101
000101

size=4x44
11000110001100011000110001100011000110001100
00110001100011000110001100011000110001100011
00110001100011000110001100011000110001100011
11000110001100011000110001100011000110001100

size=29x32
00000000000000000000000000010000
00000000000000000000000000001000
00000000000000000000000000000100
00000000000000000000000000001000
00000000000000000000000000010000
00000000000000000000000000000111
00000000000000000000000000000000
00000000000000000000000000000000
00000000000000000000000000000000
00000000000000000000000000000000
00000000000000000000000000000000
00000000000000000000000000000000
00000000000000000000000000000000
00000000000000000000000000000000
00000000000000000000000000000000
00000000000000000000000000000000
00000000000000000000000000000000
00000000000000000000000000000000
00000000000000000000000000000000
00000000000000000000000000000000
00000000000000000000000000000000
00000000000000000000000000000000
00000000000000000000000000000000
00000000000000000000000000000000
00000000000000000000000000000000
11000000000000000000000000000000
00100000000000000000000000000000
00100000000000000000000000000000
00011110000000000000000000000000

size=9x9
011000000
100000000
010001000
010001100
000101000
001100010
000100010
000000001
000000110

size=12x10
0000010000
0000101000
0001000100
0001000100
0001000100
0000101000
0000010000
0000000000
0011000000
0001000000
1110000011
1000000011

size=9x11
00110001100
01001010010
01011011010
11000000011
00101010100
11000000011
01011011010
01001010010
00110001100

size=8x9
000010000
110010100
101000000
000000011
010000000
100000010
110101000
000001000

size=3x4
1100
1001
0011

size=3x7
0100000
0001000
1100111

size=19x28
1100000000000000000000000011
1100000000000000000000000011
0000000000000000001100000000
0000000000000000010010000000
0000000000000000001100000000
0000000000000010000000000000
0000000000000101000000000000
0000000000001000100000000000
0000000000001001000000000000
0000000000000000000000000000
0000000000001001000000000000
0000000000010001000000000000
0000000000001010000000000000
0000000000000100000000000000
0000000011000000000000000000
0000000100100000000000000000
0000000011000000000000000000
1100000000000000000000000011
1100000000000000000000000011

size=10x10
0000110000
0001001000
0001111000
0101001010
1000000001
1000000001
0101001010
0001111000
0001001000
0000110000

size=15x14
00000001000000
00000010100000
00000001000000
00000000000000
00000111110000
00001000001011
00010110001011
00010100101000
11010001101000
11010000010000
00001111100000
00000000000000
00000010000000
00000101000000
00000010000000

size=11x13
0001100000000
0000111000000
0010000100000
0101111010000
0101000010010
1101110010101
0101000010010
0101111010000
0010000100000
0000111000000
0001100000000
