size=11x9
000010000
000101000
000101000
001101100
100000001
111000111
000000000
111111111
100000001
000111100
000100110

size=7x10
0110000110
1001001001
1001111001
0110000110
0001111000
0001001000
0000110000

size=6x6
000110
001001
100101
000010
101100
010000

size=7x7
1100000
1010110
0000010
0100100
0010000
0010101
0000011

size=4x5
01100
10010
01001
00110

size=30x24
000000000000000000000010
000000000000000000000100
000000000000000000000111
000000000000000000000000
000000000000000000000000
000000000101000000000000
000000000100100000000000
110000000000110000000000
110000000010001100000000
000001100000110000000000
000010000100100000000000
000000000101000000000000
000000000000000000000000
000000000000000000000000
000000000000000000000000
000000000000000000000000
000000000000000010000000
000000000000000111000000
000000000000001111100000
000000000000010101010000
000000000000011000110000
000000000000000000000000
000000000000000000000000
000000000000000010000000
000000000000000101000000
000000000000000101000000
000000000000000010000000
000000000000000110000000
000000000000000110000000
000000000000000110000000

size=19x29
00000000000000000001000000000
00000000000000000000100000000
00000000000000000011100000000
00000000000000000000000000000
00000000000000000000000000000
00000000000000000000000000000
00000000000000000000000000000
00000000000000000000000000000
00000000000010001000001011000
11000000000100000100001010100
11000000000100000000010000100
00000000000110001000001010100
00000000000001110000001011000
00000000000000000000000000000
00000000000001110000000000000
00000000000110001000000000000
11000000000100000000000000011
11000000000100000100000000011
00000000000010001000000000000

size=10x11
00000100000
00001010000
00001010000
00011011000
10100000101
11010101011
00010001000
00010101000
00001010000
00000100000

size=13x13
0000001000000
0000100010000
0000000000000
0001000001000
0111011101110
1000110110001
1011101011110
0100000000000
0001010101101
0011011101011
0001010010000
0001001100000
0011000000000

size=7x15
000000010000000
001101000101100
001000000000100
000110000011000
111001111100111
100100000001001
011000000000110

size=41x37
1001000000000000000000000000000000000
0000100000000000000000000000000000000
1000100000000000000000000000000000000
0111100000000000000000000000000000000
0000000000000000000000000000000000000
0000000000000000000000000000000000000
0000000000000000000000000000000000000
0000000000000000000000000000000000000
0000000000000000000000000000000000000
0000000000000000000110000000000000011
0000000000000000001100000000000000011
0000000000000000000111110000000000000
0011000000000000000011110000000000000
0011000001000000000000000000000000000
0000000011100000000011110000000000000
0000000101010000000111110000000000000
0000000010010000001100000000000000011
0000000011100000000110000000000000011
0000000001000000000000000000000000000
0000000000000000000000000000000000000
0000000000000000000000000000000000000
0000000000000000000000000000000000000
0000000000000000000000000000000000000
0010000000100000000000000000000000000
0000000000000000000000000000000000000
1110000000111000000000000000000000000
0110110110110000000000000000000000000
0011100011100000000000000000000000000
0001000001000000000000000000000000000
0000000000000000000000000000000000000
0000000000000000000000000000000000000
0000000000000000000000000000000000000
0000000000000000000000000000000000000
0000000000000000000000000000000000000
0000000000000000000000000000000000000
0000000000000000000000000000000000000
0000000000000000000000000000000000000
0000000000000000000000000000000000000
0000000000000000000000000000000000000
0011000001100000000000000000000000000
0011000001100000000000000000000000000

size=5x7
1100011
0101010
0110110
0101010
1100011

size=5x9
110000011
100000001
011101110
000101000
000010000

size=4x6
000111
001001
010000
100000

size=5x6
000100
010001
100000
100001
111110

size=7x7
0001100
0101000
1000001
0100011
0000000
0001010
0000100

