size=13x15
000000010000000
000000011100000
000000000010000
000001110010011
000010101010101
000010001010100
011010000010110
001010100010000
101010101010000
110010011100000
000010000000000
000001110000000
000000010000000

size=7x38
00000000000000000000000000000000010001
11000110000000000000000000000000011111
01010100010010000001100010010000000100
01101100110001100001100110001100001010
01010100010010000001100010010000000100
11000110000000000000000000000000011111
00000000000000000000000000000000010001

size=15x24
011000000000000000000000
000100000000000000000000
000101100000000000000000
111000010000000000000000
000000010000000000000000
000001110000000000000000
000000000000000000000000
000000000000000000000000
000000000000000000000000
000000000000000000000000
000000000000000000000000
000000000000000000000000
000000000000000000000111
000000000000000000000100
000000000000000000000010

size=9x10
0000111111
0011000001
1101000001
0000100010
0000001000
0000001100
0000011110
0000011011
0000000110

size=6x12
110000000000
110011000000
000001100000
000010010000
000000010011
000001010011

size=8x7
0000110
0001010
0001000
1101000
1101001
0001011
0001000
0011000

size=5x5
01000
10100
11010
00010
00011

size=7x4
0011
0001
1000
1100
0000
1111
1001

size=8x8
00111100
00100100
11100111
10000001
10000001
11100111
00100100
00111100

size=5x16
0000000000000001
1000000000000011
1000000000000110
1000000000000011
0000000000000001

size=11x11
10000000000
11100000000
00010000000
00100000000
00100100000
00000100000
00010100000
00011001100
00000001010
00000000010
00000000011

size=13x13
0011110111100
0010010100100
1110011100111
1000000000001
1000000000001
1110000000111
0010000000100
1110000000111
1000000000001
1000000000001
1110011100111
0010010100100
0011110111100

size=5x5
00011
00001
00010
10100
11000

size=2x14
11000111100000
00111000011111

size=3x8
01000000
00100011
11100011

size=7x60
110000000110011001100110011001100110011001100110011001100000
110000101110011001100110011001100110011001100110011001100011
000011010000000000000000000000000000000000000000000000000101
000011000111111111111111111111111111111111111111111111111100
000011010000000000000000000000000000000000000000000000000010
110000101110011001100110011001100110011001100110011001100110
110000000110011001100110011001100110011001100110011001100000

size=3x4
0111
1110
0100

size=6x6
000100
011100
100011
010010
001010
000100

size=13x11
00000100000
00001010000
00000100000
00000000000
00011111000
10100000101
11010001011
00010001000
00010001000
00001110000
00000000000
00001101000
00001011000

size=2x4
1100
0011

size=4x7
0110110
1010101
1010101
0100010

size=6x6
010010
011110
100001
101101
100001
011110

size=6x8
00100000
10001111
10001000
10000000
00010000
01100000

size=8x9
000011000
110101000
110100000
000100000
000100100
000011010
000000010
000000011

size=7x13
0000010110000
0001110101000
1010000001000
1101101101011
0001010000101
0001010111000
0000110100000

size=15x22
0000000000100000000000
0000000000100000010000
0001000010001000110000
0001100001110000000000
0000000001110011100101
0100111000000000101111
1010100000000000000011
1001000000000000000000
0110000000011000000000
0000001101000010110000
0000001000000000010000
0000000110000001100000
0000111001111110011100
0000100100000000100100
0000011000000000011000

size=5x5
00001
00111
01000
01000
11000

size=58x63
000000000000000000000000000000001101000000000000000000000000000
000000000000000000000000000000011101000000101000000000000000000
000000000000000000000000000000100001010000100000000000000000000
000000000000000000000000000000011000000101000100000000000000000
000000000000000000000000000000001000100100110000000000000000000
000000000000000000000000000000000001011000100000000000000000000
000000000000000000000000000000000010100000000000000001100000000
000000000000000000000000000000000010100000000000000001100000000
000000000000000000000000000000000000000000000000000000000000000
000000000000000000000000000000000000000000000000000000000000000
000000000000000000000000000000000000000000000000000000000000000
000000000000000000000000000000000000000000000000000000000000000
000000000000000000000000000000000000000000000000000000000000000
000000000000000000000000000000000000000000000000000000000000000
000000000000000000000000000000000000000000000000000000000000011
000000000000000000000000000000000000000000000000000011000000011
000000000000000000000000000000000000000100000000010111100000000
000000000000000000000000000000000010001111100000110100011000000
000000000000000000000000000000000101000000011000010011011000000
000000000000000000000000000000000100000001011000001111110000000
000000000000000000000000000000000010000000011000000100000000000
000000000000000000000000000000000001000111100000000000000000000
000000000000000000000000000000000000000011100000000000000000000
000000000000000000000000101000000000110000000000000000000000000
000000000000000000000000101010000001010000000000000000000000000
000000000000000000000001001101000011000000000000000000000000000
000000000000000000000000110001010110100000000000000000000000000
000000000000000000000000110001101111100000000000000000000000000
000000000000000000000000000010110001100000000000000000000000000
000000000000000000000000000101000000000000000000000000000000000
001101000000000000000000000000000000000000000000000000000000000
011101000000101000000000000000000000000000000000000000000000000
100001010000100000000000000000000000000000000000000000000000000
011000000101000100000000000000000000000000000000000000000000000
001000100100110000000000010000000000000000000000000000000000000
000001011000100000000000111000000000000000000000000000000000000
000010100000000000000000100100000000000000000000000000000000000
000010100000000000000001000010000000000000000000000000000000000
000000000000000000000000100000000000000000000000000000000000000
000000000000000000000000000000000000000000000000000000000000000
000000000000000000000000100100000000000000000000000000000000000
000000000000000000000000010100000000000000000000000000000000000
000000000000000000000000000000000000000000000000000000000000000
000000000000000000000100000000000000000000000000000000000000000
000000000000000000001110000000000000000000000000000000000000000
000000000000000000011011000000000000000000000000000000000000000
000000000100000000110100000100000000000000000000000000000000000
000010001111100001100000011000000000000000000000000000000000000
000101000000011001100000001100000000000000000000000000000000000
000100000001011000000000000000000000000000000000000000000000000
000010000000011000000000000000000000000000000000000000000000000
000001000111100000000000000000000000000000000000000000000000000
000000000011100000000000000000000000000000000000000000000000000
000000000000000000000000000000000000000000000000000000000000000
000000000000000000000000000000000000000000000000000000000000000
000000000000000000000000000000000000000000000000000000000000000
000000000001100000000000000000000000000000000000000000000000000
000000000001100000000000000000000000000000000000000000000000000

size=26x20
01100000000000000000
11000000000000000000
00100000000000000000
00001100010000000000
00001100101000000000
00000001101000000000
00000001100000000000
00000001100000000000
00000000000000000110
00000000010000110100
00000000011100110000
00000000011100110000
00000000001100000000
00000000000000000000
00000000000010000000
00000000000110000000
00000000000100000000
00000000000010000000
00000000000000000000
00000000000001100000
00000000000000101100
00000000000000000010
00000000000000011000
00000000000000011000
00000000000000000100
00000000000000000011

size=12x13
1110000000000
1000000000110
0100000011101
0001100110000
0000100000000
0000000010000
0000110001000
0001010110000
0001010010110
0010000110000
0011000000000
0011000000000

size=5x10
0000010000
0101101011
1010001011
0100001000
0000011000

size=14x21
000010000000000010000
110101101000101101011
110100010101010001011
000100001000100001000
000110000000000011000
000000000000000000000
000000000000000000000
000000000111000000000
000000000100100000000
000000000100000000000
000000000100010000000
000000000100010000000
000000000100000000000
000000000010100000000

size=6x16
0000110000110000
0100100000010010
1010100000010101
0100101111010010
0000101001010000
0000010000100000

size=12x15
010100100000000
011101011000000
100000010000010
010000011000101
000000000000011
110000010000000
010000001000000
110101110000000
001001010000000
000000000000111
000000000000101
000000000000101

size=3x3
111
001
010

size=9x6
000110
000010
010000
011000
000000
011110
100001
011101
000101

size=14x14
00000000000100
00000000011100
00000110100000
00000100010000
00000001101000
00011110001000
10100000101011
11010100000101
00010001111000
00010110000000
00001000100000
00000101100000
00111000000000
00100000000000

size=3x4
0110
1001
1111

size=3x4
0011
1110
0100

size=17x52
1100000000000000000000000000000000000000000000000011
0100000000000000000000000000000000000000000000000010
0101000000000000000000000110000000000000000000001010
0011000000001000000000000110000000000001100000001100
0000000000011000000000000000000000000001010000000000
0000000000110000000000000000000000000000010000000000
0000000000011001100000000000000000000001110000000000
0000000000000000000000000000000000000000000000000000
0000000000000000000000000000000000000000000000000000
0000000000000000000000000000000000000000000000000000
0000000000011001100000000000000000000001110000000000
0000000000110000000000000000000000000000010000000000
0000000000011000000000000000000000000001010000000000
0011000000001000000000000110000000000001100000001100
0101000000000000000000000110000000000000000000001010
0100000000000000000000000000000000000000000000000010
1100000000000000000000000000000000000000000000000011

size=4x4
0010
1010
0101
0100

size=12x12
000000110000
000000110000
000000000000
000011110000
110100001000
110100101000
000100101011
000101001011
000011110000
000000000000
000011000000
000011000000

size=6x13
0000000001101
1011000000111
1101000000010
0000000000000
0000000001100
0000000001100
