size=1x39
111111110111110001110000001111111011111

size=21x20
00000000000000111000
00000000000000000000
00000000000000000000
00000000000000000000
00000000000000000000
00000000000000000000
00100000000000000000
00011000000000000000
00010000000000000010
00000000000000000010
00000000000000000010
00000000000000000001
00000000000000000011
00000001100000000000
00000000100000000000
00000000000000000000
00000000000000000000
00000000000000000000
00000000000000000000
11000000000000000000
01000000000000000000

size=4x4
1100
0100
0110
0011

size=5x5
11101
10000
00011
01101
10101

size=13x36
000000000000000010000000000000000000
000000000000000001000000000000000000
000000000000000111000000000000000000
000000000000000000000000000000000000
000000000000000000000001010000000000
000000000000000000000100010000000000
000000000000010000000100000000000000
000000000000111100001000010000000011
000000000001101010000100000000000011
110000000011101001000100010000000000
110000000001101010000001010000000000
000000000000111100000000000000000000
000000000000010000000000000000000000

size=7x14
00111000011100
00000000000000
10000000000001
10000000000001
10000000000001
00000000000000
00111000011100

size=6x8
00000010
00001011
00001010
00001000
00100000
10100000

size=5x5
00011
00101
00100
10100
11000

