size=14x14
00011000000000
00010000000000
11010000000000
10011000000000
01100001000000
00011111000000
00010000110000
00001100100000
00000010100000
00000010101001
00000001101111
00000000010000
00000000010100
00000000001100

size=21x21
000000011100000000000
000001011000000000000
000011110000000000000
000110000010000000000
001110010101000000000
011000101001000000000
010101111100000000000
110101000100000000000
100000000110000000000
011001000101000000000
000011001011000000100
000000000001100000111
000000000000100111001
000000000000100100110
000000000000010110000
000000000000110000000
000000000000110000000
000000000001000000000
000000000000101000000
000000000001001000000
000000000000010000000

size=12x12
000000000110
000011001001
010010000101
101010000010
010010110000
000010010000
000001000010
000000111110
000000000000
000000001000
000000010100
000000001000

size=8x9
010000000
100111000
001000000
000101001
001101111
000010000
000010100
000001100

size=10x12
000011000000
000101110000
000100001000
110100011000
110100000110
000011111001
000000000011
000000100000
000001010000
000000100000

size=7x24
000000000000000010000000
100000000000000111100000
101000000010001000110110
111000000111100000100110
001000001000100000001001
000000000101001000000000
000000000000010000000000

size=8x40
0000000000000000000000000000000000100000
0000000010000000000000000000000011101110
0000000111100000000000000000000110000001
0010001000110110000000000010001001000110
0111100000100110000000000111100000000000
1000100000001001000000001000100000000000
0101001000000000000000000101001000000000
0000010000000000000000000000010000000000

size=11x18
010000000000000010
101000010000000101
010001101100000010
000000010000000000
000000000000000000
000000000000000000
000000000000000000
000000010000000000
010001101100000010
101000010000000101
010000000000000010

size=9x6
110000
100000
001011
011011
000000
011011
001010
001010
000100

size=10x9
000100000
000101000
000110000
000000000
000000011
000100011
001010000
010100000
010000000
110000000

size=6x6
110000
101000
001000
001110
000001
000011

size=7x7
0001011
0111011
1000000
0111011
0001010
0001010
0000100

size=11x11
00000100000
00001010000
11010101011
01010001010
10010101001
01100000110
00011011000
00010101000
00001010000
00101010100
00110001100

size=8x8
00000001
00000111
00001000
00000100
00100100
01011000
01000000
11000000

size=32x42
110000000000001100100001100110000000000000
110000000000001011000000110110000000000000
000000000000000100000010100000000000000000
000000000000000111000011000000000000000000
000000000000000000000000000000000000000000
000000000000000111000011000000000000000000
000000000000000100000010100000000000000000
110000000000001011000000110000000000000000
110000000000001100100001100000000000000000
000000000000000000000000000000000000000000
000000000000000000000000000000000000000000
000000000000000000000000000000000000000000
000000000000000000000000000000000000000000
000000000000000000000000000000000000000000
000000000000000000000000000000000000000000
000000000000000000000000000000011100011100
000000000000000000000000000000100010100010
000000000000000000000000000001000110110001
000000000000000000000000000001011000001101
000000000000000000000000000000010000000100
000000000000000000000000000000000000000000
000000000000000000000000000000000000000000
000000000000000000000000000000000000000000
000000000000000000000000000000000000000000
000000000000000000000000000000000000000000
000000000000000000000000000000000000000000
000000000000000000000000000000000000000000
000000000000000000000000000000000000000000
000000000000000000000000000000000000000000
000000000000000000000000000000000000000000
000000000000000000000000000000011000001100
000000000000000000000000000000011000001100

size=15x61
0000000000100000000000000000000000000000000000000000000000000
0000000001010000000000000000000000001100000000000000000000000
0010000111010000010000000000000000000100010010000001000001100
0101001000011000101000000000000000000101110011100010100001000
0101001011000000010000000000000000000010001100010100100000010
1101101010111110000010000000000000000001100010010101101100110
0101001000100100100000001100011000110000110110010100101010000
0100110000110000001110110001100011000111000001111011101000110
0010011100100101111000110001100011000111011001000010100001001
0001100010100100000110001100011000110000001000000000000100011
0000011010110101100100000000000000000000001000000001101000000
0000010110100101100001000000000000000001101010000000000000000
0000000000011000000011000000000000000000100110000000000000000
0000000000000000000000000000000000000010100000000000000000000
0000000000000000000000000000000000000011000000000000000000000

size=18x29
01100000000000000000000000000
10010000000000000000000000000
01100000000000000000000000000
00000000000000000000000000000
00000001010000000000000000000
00000001000000000000000000000
00000001010010010000000000000
00000000001000000000000000000
00000000000101101000000000000
00000000000011101000000000000
00000000000100001001011000000
00000000100011000101111000000
00000000110010010110000100001
00000000100000000110000100111
00000000000001100011000100110
01100000000000000000000000000
10010000000000000000000000000
01100000000000000000000000000

size=3x4
0111
1100
0110

size=4x4
1100
1010
0010
0011

size=18x19
1111000001100000000
1000100011011000000
1000000001111000000
0100100000110000000
0000000000000000000
0000010000000001100
0001110000000011111
0010001000001000011
0010000111110000011
0011010111100001100
0000100011011100000
0000010100000000000
0000000000000000000
0000000000000000000
1111000000000000000
1000100000000000000
1000000000000000000
0100100000000000000

size=10x10
0110000000
0010000000
0010100000
0001010000
0000011011
0000000011
0011000000
0001000000
1110000000
1000000000

