size=6x5
00110
01001
01011
11010
10010
01100

size=3x57
111000000000000000111000000000000000111000000000000000111
101000000000000000101000000000000000101000000000000000101
101000000000000000101000000000000000101000000000000000101

size=4x25
0000000000001000000000000
0000000000010100000000000
1100000000110110000000011
1100000000000000000000011

size=8x8
00001000
00101000
00000010
11000000
00000011
01000000
00010100
00010000

size=14x15
000001000000000
000001000000000
000000000000000
000100010000000
011101011100000
100011000010000
101100110101000
010011001101000
001100110101011
000010010101011
000011110110000
000000001000000
000000101000000
000000110000000

size=12x12
000000110000
000000110000
000000000000
000011110000
110100001000
110100101000
000100011011
000101001011
000011110000
000000000000
000011000000
000011000000

size=10x15
000110000011000
000100000001000
110100000001011
110101111101011
000010010010000
000001111100000
000000000000000
000000010000000
000000101000000
000000010000000

size=24x24
000000000001100000000000
000000110100001011000000
000000100000000001000000
000000011000000110000000
000011100111111001110000
000010010000000010010000
011010100000000001010110
010101000000000000101010
000100000000000000001000
010010000000000000010010
000010000000111000010000
100010000000101000010001
100010000000101000010001
000010000000000000010000
010010000000000000010010
000100000000000000001000
010101000000000000101010
011010100000000001010110
000010010000000010010000
000011100111111001110000
000000011000000110000000
000000100000000001000000
000000110100001011000000
000000000001100000000000

size=25x33
000000000000100000000000000000000
000000000011010000000000000000000
000000000011000100000000000000000
000000001000110100000100000000000
000000001111011000111100000001010
000000100000010000111000001010010
000000111111100010001000010010000
000101000000110010001010110000100
001111111110000010011000000001000
011000000000000001011011110001001
110000110100000000001000100101000
011000010000000011100000010101001
000000000100000011000000100001100
011000010000000011100000010101001
110000110100000000001000100101000
011000000000000001011011110001001
001111111110000010011000000001000
000101000000110010001010110000100
000000111111100010001000010010000
000000100000010000111000001010010
000000001111011000111100000001010
000000001000110100000100000000000
000000000011000100000000000000000
000000000011010000000000000000000
000000000000100000000000000000000

size=17x11
00000100000
00001010000
01001100000
01110000000
00000111000
00011000100
00100001001
01010101011
01010001010
11010101010
10010000100
00100011000
00011100000
00000001110
00000110010
00001010000
00000100000

size=59x59
00000000000000110000110000110000000000000000000000000000000
00000000000001001010000101001000000000000000000000000000000
00000000000001110000000000111000000000000000000000000000000
00000000000000001100000011000000000000000000000000000000000
00000000000000010011111100100000000000000000000000000000000
00000000000000011000000001100000000000000000000000000000000
00000000000000000000000000000000000000000000000000000000000
00000000100000000000000000000000000000110000000000100000000
00000001000111000000100000000010000000110000000001010000000
00000000101111100000000001110001000000000000000000000000000
00000000000010001000001011111010000000000000000001000000000
00000000000011000011100000100000000000000000000001100000000
00000000000011000011100001100000000000000000001111100000000
00000000000000000001000001100000000000000000001101100000110
00000000000000000000000000000000000000000000000001000000101
00000000000000000000000000000000000000000000000000000110101
00000000000000000000000000000000000000000000000000000101010
00000000000000000000000000000000000000000000000000000001000
00000000000000000000000000000000000111000000000101000100100
00000001100000000000000000000000000100100000000100100000100
00000001100000000000000000000000000000010000000101001000100
00000000000000000000000000000000000100100000000000001000100
00000000000000000000000000000000000111000000000000000000100
00000000000000000000000000000000000000000000000000000100100
00000000000000000000000000000000000000000000000010000001000
00000000000000000000000000000000000000000000011011000101010
00000000000000000000000000000000000000000000011111000110101
00000000010000000000000000000000000000000000000011000000101
00000000101000000000000000000000000000000000000010000000110
00000000000000000000000000000000000000000000000000000000000
01100000001000000000000000000000000000000000000010100000000
10100000011000000000000000000000000000000000000001000000000
10101100011111000000000000000000000000000000000000000000000
01010100011011000000000000000000000000000000000000000000000
00010000001000000000000000000000000000000000000000000000000
00100100000000000000000000000000000000000000000000000000000
00100000000000000000000000000000000000000000000000000000000
00100010000000000000000000000000000000000000000000000000000
00100010010100000000000000000000000000000000000000110000000
00100000100100000000000000000000000000000000000000110000000
00100100010100000000000000000000000000000000000000000000000
00010000000000000000000000000000000000000000000000000000000
01010100000000000000000000000000000000000000000000000000000
10101100000000000000000000000000000000000000000000000000000
10100000010000000000000000000000000000000000000000000000000
01100000110110000000000000000000110000010000000000000000000
00000000111110000000000000000000110000111000011000000000000
00000000110000000000000000000000100000111000011000000000000
00000000010000000000000000001011111010000010001000000000000
00000000000000000000000000010001110000000000111110100000000
00000001010000000001100000001000000000100000011100010000000
00000000100000000001100000000000000000000000000000100000000
00000000000000000000000000000000000000000000000000000000000
00000000000000000000000000000000110000000011000000000000000
00000000000000000000000000000000100111111001000000000000000
00000000000000000000000000000000011000000110000000000000000
00000000000000000000000000000011100000000001110000000000000
00000000000000000000000000000010010100001010010000000000000
00000000000000000000000000000001100001100001100000000000000

size=8x8
00000100
00011100
00100011
10010010
10001010
10000100
00000000
00111000

size=10x16
0000000100000000
0000011111000000
0000100000100000
0100101011010000
1010101000010010
0100100001010101
0000101101010010
0000010000010000
0000001111100000
0000000010000000

size=17x29
11000000000000000000000000011
01000000000000000000000000010
01010000000100000000000001010
00110000010010000010000001100
00000000000010000011000000000
00000000100000000001100000000
00000000100011000011000000000
00000000011111000000000000000
00000000000000000000000000000
00000000011111000000000000000
00000000100011000011000000000
00000000100000000001100000000
00000000000010000011000000000
00110000010010000010000001100
01010000000100000000000001010
01000000000000000000000000010
11000000000000000000000000011

size=25x36
000000001000000000000000000000000000
000000011101100000000000000000000000
000000110001011000000000000000000000
000001100100000100000000000000000000
000000100000100010111000000000000000
000001100000100010100100000000000000
000110101100001010100010000000000000
000010100110000000000010000000000000
011010010010000000001000000000000000
011010000011000000000101110000000000
010100000000000001110101011000000000
110110000000000011010010101000000000
000000000000001101000111001100000110
000000000000010001000000100000000101
000000000000100000100110101100000100
000000000001001010000001010000000000
000000000001000001100001110000000000
000000000000010000000000100000000000
000000000010100000000000100000000000
000000000110101110000000000000000000
000000001010100010000000000000000000
000000011010000000000000000000000000
000000100010000011000000000000000000
000000000000000000000000000000000000
000000110110000000000000000000000000

size=3x2
11
11
10

size=24x25
1000000000000000000000000
1110000000000000000000000
0001000000000000000000000
0011000000000000000000000
0000000000000000000000000
0000001000000000000000000
0000011110000000000000000
0000001001000000000000000
0000000111000000000000000
0000000000000000000000000
0000000000111000000000000
0000000000100100000000000
0000000000011110000000000
0000000000000100000000000
0000000000000000000000000
0000000000000000010000000
0000000000000000111000000
0000000000000000010100000
0000000000000000010100000
0000000000000000001100000
0000000000000000000001100
0000000000000000000001010
0000000000000000000000010
0000000000000000000000011

size=2x3
111
111

size=8x8
11000000
10100000
00000000
00101000
00000000
00001010
00000001
00000011

size=13x13
0000110000000
0000100000000
0000001000000
0011110101100
0100000101001
0100110101011
1101000001000
0001001101000
0001000010000
0000111100000
0000000000000
0000110000000
0000110000000

size=3x10
0010000100
1101111011
0010000100

size=12x10
1100000000
0100000000
0101000000
0011000011
0000000001
0000011110
0000010000
0010001110
0011110010
0000010000
0000100000
0000110000

size=12x12
000000000011
000000000001
000000000100
000000010100
000000000000
000001010000
000000000000
000101000000
000000000000
001100000000
100000000000
110000000000

size=14x14
10000000000000
11100000000000
00010000000000
00110000000000
00000000000000
00000010000000
00000111100000
00000010010000
00000001110000
00000000000000
00000000001100
00000000001000
00000000000111
00000000000001

size=5x11
11000000011
10100100101
00111100100
10100100101
11000000011

size=25x26
00000110000000000000000000
00000110000000000000000000
00000000000000000000000000
00000000000000000011000000
00000000000000000100100000
00000000000000000101001001
10000000000000001101011111
01100000000000100011000000
11000000000000000110011100
00000000000001000101001010
00000000110000000110011010
00000000110000100011000100
00000000000000001101011000
00000000000000000101010000
00000000000000000101001000
00000000000000000010011000
00110000000000000000000000
00010000000000000000000000
11100000000000000000000000
10000000000000000000000000
00000000000000000000000000
00000000000011000000000000
00000000000010000000000000
00000000000001110000000000
00000000000000010000000000

size=32x32
00000000000000000000010000000000
00000000000000000000010000000000
00000000000000000000011100000000
00000000000001100000001100000000
00000000000001100111001100000000
00000000000000000001110000000000
00000000000000000001110000000000
00000000000000110000000000000000
00111000000001001000000000000000
00111000000001010000000000000000
11100110001000100001110000000000
00000110001000000000000000000000
00001110001000000000000000000000
00001000000000000000001100011000
00001000000000001110010010011000
00000000100000001010001010000000
00000001010000001010000100000000
00011001001000000000000000010000
00011000110000000000000000010000
00000000000000000000010001110000
00000000000000000000010001100000
00000000001110000000010001100111
00000000000000000110000000011100
00000000000000001001000000011100
00000000000000001010000000000000
00000000001110000100000000000000
00000000001110000000000000000000
00000000110011100110000000000000
00000000110000000110000000000000
00000000111000000000000000000000
00000000001000000000000000000000
00000000001000000000000000000000

size=2x2
10
11

size=3x9
111000111
101000101
111000111

size=7x27
011100000010000010000001110
100100000111000111000001001
000100001101000101100001000
000100000000000000000001000
000100100000000000001001000
000100110000000000011001000
001000110000000000011000100

size=4x5
01110
10001
10001
01110

size=12x13
0000000000011
0000000000010
0000000001010
0000000001100
0000011000000
0000001000000
0000001000000
0000001100000
0011000000000
0101000000000
0100000000000
1100000000000

size=11x15
000000000010000
000000000101100
001100000000010
001000000100101
000000010001001
111111010000110
100000000000000
011011000110000
001010000101000
001010000001000
000100000001100

size=4x9
011000110
100101001
100101001
011000110

size=5x18
011100000000000111
100100000000001001
000100001110000001
000100001001000001
001000010000000010

size=13x13
0011100011100
0000000000000
1000010100001
1000010100001
1000010100001
0011100011100
0000000000000
0011100011100
1000010100001
1000010100001
1000010100001
0000000000000
0011100011100

size=9x15
001000000000000
001000000000000
111000000000000
000000000000000
000000111000000
000000010000000
000000000000111
000000000000100
000000000000100

size=3x3
111
101
101

size=29x42
000000000000010000000000000010000000000000
000000000000101000000010000101000000000000
000000000000010000001101100010000000000000
000000000000000000000010000000000000000000
001100000011000000000000000000110000001100
100001001000010000000000000010000100100001
100001001000010000000000000010000100100001
100001001000010000000010000010000100100001
001100000011000000001101100000110000001100
000000000000000000000010000000000000000000
000000000000000000000000000000000000000000
000000000000000000000000000000000000000000
001100000011000000000000000000110000001100
100001001000010000000010000010000100100001
100001001000010000001101100010000100100001
100001001000010000000010000010000100100001
001100000011000000000000000000110000001100
000000000000000000000000000000000000000000
000000000000000000000000000000000000000000
000000000000000000000010000000000000000000
001100000011000000001101100000110000001100
100001001000010000000010000010000100100001
100001001000010000000000000010000100100001
100001001000010000000000000010000100100001
001100000011000000000000000000110000001100
000000000000000000000010000000000000000000
000000000000010000001101100010000000000000
000000000000101000000010000101000000000000
000000000000010000000000000010000000000000

size=4x4
0110
1001
1001
0110

size=13x12
001110100000
011110100000
110000000000
010100000000
001111010000
000111000000
000000000000
000000000000
000000111110
000000100001
000000100000
000000010001
000000000100

size=12x11
00000100000
00001010000
00001010000
00011011000
10100000101
11010101011
00010001000
00010001000
00001110000
00000000000
00010110000
00011010000

