size=3x8
00100001
11000000
01101110

size=10x11
00000100000
00001010000
00010101000
00010101000
11010001011
11010001011
00010001000
00010101000
00001010000
00000100000

size=12x49
0000000000000011000000110000001100010110000000000
0000100000000100100001001000010010011010000000000
1001010000100011001000110010001010000010110000000
1111010011111100111111001111110011111101010000000
0000010100000101000001010000010100000101000000110
0011010101010001010100010101000101010001010000010
0100000101000101010001010100010101000101010101100
0110000001010000010100000101000001010000010100000
0000000101011111100111111001111110011111100101111
0000000110100000101000100110001001100010000101001
0000000000101100100100001001000010010000000010000
0000000000110100011000000110000001100000000000000

size=14x17
00000011000001100
10100011000001000
01100000000101000
01000000000110000
00000001100000000
00000001010000000
00000000100000000
00000000000000000
00000000000111000
00000000000111000
00000000000111000
00000000000000111
00000000000000111
00000000000000111

size=7x35
00000000000000000000000000010000100
00000000000000001100000001101111011
00000000000000000110000000010000100
00000000000000001000000000000000000
00100001000000000000000000000000000
11011110110000000000000000000000000
00100001000000000000000000000000000

size=30x34
0000000000000000100000000000000000
0000000000000010101000000000000000
0000000000001010101010000000000000
0000000000101010101010100000000000
0000000010101001101010101000000000
0000001010101000000100101010000000
0000101010010000000000101010100000
0000011010000000000000010010101000
0001000100000000000000000010110000
0000111000000000000000000001000100
0010000000000000000000000000111000
0001100000000000000000000000000010
0100010000000000000000000000001100
0011110000000000000000000000010001
1000000000000000000000000000001110
0111000000000000000000000000000001
1000100000000000000000000000111100
0011000000000000000000000000100010
0100000000000000000000000000011000
0001110000000000000000000000000100
0010001000000000000000000001110000
0000110100000000000000000010001000
0001010100100000000000000101100000
0000010101010000000000100101010000
0000000101010010000001010101000000
0000000001010101011001010100000000
0000000000010101010101010000000000
0000000000000101010101000000000000
0000000000000001010100000000000000
0000000000000000010000000000000000

size=3x7
1000111
1110010
0100000

size=3x3
011
110
010

size=13x15
000000000000011
000000000000101
000000000001000
000000000010000
000000000100000
000000001000000
000000010000000
000000100000000
000001000000000
000010000000000
000100000000000
001000000000000
110000000000000

size=8x14
10000000000001
11100001000111
00010101001000
00100000010100
00101000000100
00010010101000
11100010000111
10000000000001

size=7x8
00100100
10100101
01100110
00000000
00000000
00011000
00011000

size=14x14
01000000000000
01110000000011
00001000000010
00011000001010
00000000001100
00000000000000
00000111000000
00000100100000
00000100000000
00110010001000
01010000001000
01000000010000
11000000001110
00000000000010

size=11x12
000001100000
000000100000
000010000000
110101111000
110100000101
000100111011
000100001000
000011101000
000000010000
000000100000
000000110000

