size=7x16
0111100000110000
1000100000011011
0000100000010011
1001000000000000
0000000000000000
0000000000000110
0000000000000110

size=12x19
0000011000100000000
0000100100111000000
0000110100000100000
0000001011110100000
0011101010001011000
0100100100010010100
1010010001011000010
0100000000001101110
0011011011000100000
0001000100000101110
0001000100000011001
0000000000000000011

size=20x20
00000011000000000000
00000001000000000000
00000010000000000000
00000011000000000000
00000000011000000000
00000011101000000000
10110100000000000000
11010100000000000000
00000100010000000000
00001000110000110000
00001100001100010000
00000000001000100000
00000000000000101011
00000000000000101101
00000000010111000000
00000000011000000000
00000000000011000000
00000000000001000000
00000000000010000000
00000000000011000000

size=37x56
00000000000000000000000000000000000000000000000000000101
00000000000000000000000000000000000000000000000000000110
00000000000000000000000000000000000000000000000000000010
00000000000000000000000000000000000000000000000000000000
00000000000000000000000000000000000000000000000000000000
00000000000000000000000000000000000000000000000000000000
00000000000000000000000000000000000000000000000000000000
00000000000000000000000000000000000000000000000000000000
00000000000000000000000000000000000000000000000000000000
00000000000000000000000000000000000000000000000000000000
00000000000000000000000000000000000000000000000000000000
00000000000000000000000000000000000000000000000000000000
00000000000000000000000000000000000000000000000000000000
00000000000000000000000000000000000000000000000000000000
00000000000000000000000000000000000000000000000000000000
00000000000000000000000000000000000000000000000000000000
00000000000000000000000000000000000000000000000000000000
00000000000000000000000000000000000000000000000000000000
00000000000000000000000000000000000000000000000000000000
00000000000000000000000000000000000000000000000011000000
00000000000000000000000000000000000000000000000010000000
00000000000000000000000000000000000000000000001010000000
00000000000000000000000000000000000000000000001100000000
00000000000000000000000000000010100000000000000000000000
00000000000000000000000000000011000000000000000000000000
00000000000000000000000000000001000000000000000000000000
00000000000000000000000000000000000000000000000000000000
00000000000000000000000111000000000000000000000000000000
11000000001110000000011010110000000000000000000000000000
11000000001000100000100000110000000000000000000000000000
00000000001000010000011010110000000000000000000000000000
00000000000100010000000111000000000000000000000000000000
00000000000000000000000000000000000000000000000000000000
00000000000100010000000000000000000000000000000000000000
00000000001000010000000000000000000000000000000000000000
11000000001000100000000000011000000000000000000000000000
11000000001110000000000000011000000000000000000000000000

size=10x15
000000010000000
000000101000000
000001000100000
000000111000000
000000000000000
000011000110000
001000101000100
011000101000110
100000101000001
010110101011010

size=13x13
0000001000000
0000010100000
0000101010000
0000100010000
0011001001100
0100001000010
1010110110101
0100001000010
0011001001100
0000100010000
0000101010000
0000010100000
0000001000000

size=4x5
01100
10010
01001
00111

size=13x13
0100000000000
0111000000011
0000100000010
0001100001010
0000000001100
0000000000000
0000011100000
0000011100000
0011000000000
0101000011000
0100000010000
1100000001110
0000000000010

size=14x30
000000000000010011000000100111
000001000111101111110000100111
011111000010000100001110000000
100000011010000001101110010111
011111011100000000111100010111
000001001000000000000001000000
000000001100000000001101100000
000000001100000000001101100000
000001001000000000000001000000
011111011100000000111100010111
100000011010000001101110010111
011111000010000100001110000000
000001000111101111110000100111
000000000000010011000000100111

size=3x6
011110
100001
110011

size=5x7
1100011
1010101
0010100
1010101
1100011

size=3x8
00000010
11000000
01000111

size=25x29
00000110000000000000000110000
00000010000000000000000100000
00000010100000000000010100000
00000001100000000000011000000
00000000000000000000000000000
00001100000000000000000011000
00001010000000000110000101000
00000100000000001010000010000
00100000000000001100000000010
00111111000000001000001111110
00000001000000000000001000000
00001100000000000000000011000
00001000000000000000000001000
00000100000000000000000010000
00111001000000000000001001110
00100111000000001000001110001
00010000000000001100000001110
00001100000000001010000010000
00000010000000000110000100110
00001100000000000000000011010
01001000000000000000000001000
10101001100000000000011001000
01001010100000000000010101100
00001010000000000000000100100
00000110000000000000000110000

