size=11x11
00000100000
00001110000
00111011100
00100000100
01100000110
11000000011
01100000110
00100000100
00111011100
00001110000
00000100000

size=12x16
0000000000011000
0001100000101000
0001010000100000
0000010001101000
0001011000001110
0111000001010001
1000101000001110
0111000001101000
0001011000100000
0000010000101000
0001010000011000
0001100000000000

size=21x38
01000000000000000000000000000000000000
01000000000000000000000000000000000000
10000000000000000000000000000000000000
01110000000000000000011100011100000000
01101000000000100010100000011100000000
00100000000000110100000001000011110000
00000010000001000101000110100000110000
00010010111000110000000001000000001101
00011010000010000010000000000000000010
00000000010111111100000000000000000000
00000000000000000000000000000000000000
00000000010111111100000000000000000000
00011010000010000010000000000000000010
00010010111000110000000001000000001101
00000010000001000101000110100000110000
00100000000000110100000001000011110000
01101000000000100010100000011100000000
01110000000000000000011100011100000000
10000000000000000000000000000000000000
01000000000000000000000000000000000000
01000000000000000000000000000000000000

size=9x18
111100000000000000
100010000000001000
100000000000110000
010010011000001110
000000111000000111
010010011000001110
100000000000110000
100010000000001000
111100000000000000

size=6x7
0001000
0111000
1000110
1010101
0110101
0000010

size=8x8
00010000
00101011
00101101
11000000
01010110
01010010
00100100
00011000

size=7x7
1101011
0001000
1000001
0111110
0000000
0000000
1110111

size=27x27
000000000000000000100000000
000000000000000001110000000
000000000000111000011000000
000000000001001110010110000
000000000010001010010100000
000000000010000101010101100
000000000000100001010001100
111100000101000010001011100
100011010111011000000000110
100000110000010000000000000
010011010010010110000000000
000000010101010101000001111
010011010010010011010110001
100000110001010100011000001
100011010110010010010110010
111100000101010101010000000
000000000011010010010110010
000000000000010000011000001
011000000000110111010110001
001110100010000101000001111
001100010100001000000000000
001101010101000010000000000
000001010010100010000000000
000011010011100100000000000
000000110000111000000000000
000000011100000000000000000
000000001000000000000000000

size=7x31
0000001000111000001110001000000
0001101111101100011011111011000
0101101000001010101000001011010
1000101000111110111110001010001
0000111000001100011000001110000
0100101110000000000000111010010
0001000000000000000000000001000

size=6x6
000011
000010
000001
000011
110100
101100

size=4x6
010100
100000
010010
000111

size=2x4
1101
1011

size=2x7
1101101
1011011

size=11x34
1100000000000000000000000000000000
0100000000000000000000000000000000
0101000000000000000000000000011000
0011000000000000000000000001001000
0000000100001000000000000001110000
0000011011110110001000010000001110
0000000100001000110111101100010001
0011000000000000001000010000001110
0101000000000000000000000001110000
0100000000000000000000000001001000
1100000000000000000000000000011000

size=17x19
0011000000000000000
0110110000000000000
0011110000000000000
0001100000000000000
0000000000000000000
0001111100000000000
0011111110000000000
0110111110000000000
0011000000000000000
0000000000000000000
0000000010100000110
0000001000010001001
0000001100000101001
0100100111101000110
1000000011000000000
1000100000000000000
1111000000000000000

size=11x18
000110000000011000
000101000000101000
000001000000100000
000101100001101000
011100000000001110
100010100001010001
011100000000001110
000101100001101000
000001000000100000
000101000000101000
000110000000011000

size=18x18
000011000000110000
000100100001001000
000101000000101000
011001110011100110
100000010010000001
101100000000001101
010100000000001010
000110001100011000
000000010100000000
000000011000000000
000110000000011000
010100000000001010
101100000000001101
100000010010000001
011001110011100110
000101000000101000
000100100001001000
000011000000110000

size=22x22
0000000000110000000000
0000000001001000000000
0000000011000000000000
0000000001011000000000
0000000000101110000000
0000000000110111000000
0000000000001000011000
0000000000001110000110
0010000000001010000000
0111000000001001000000
1000110000000000000000
1001010000000110100100
0101101111000100011110
0000110100011000000010
0000110110010000000001
0000010001000000001011
0000000000010000000100
0000001000001000000100
0000001000001001000000
0000000100011000110000
0000000100001101000000
0000000000000011000000

size=21x21
000000000100000000000
000000001010000000000
000000000000000000000
000000100011000000000
000001000001000000000
000000101000000000000
000000001100000010000
000000000000000010000
001000001100001110000
001000000000001100000
111000000011001100111
110000001011000011100
110011101010000011100
001110000000000000000
001110000001000000000
000000000010100000000
000000000000000000000
000000001000110000000
000000010000010000000
000000001010000000000
000000000011000000000

size=10x8
01000000
10000010
10000010
11111010
00000000
00001100
00100001
01000000
01000001
01111110

size=9x9
000010000
000101000
000101000
011000110
100000001
011000110
000101000
000101000
000010000

size=7x7
1011011
1101010
0000001
1110111
1000000
0101011
1101101

size=8x8
11000000
00001100
00100001
00100001
00001100
11000000
00010010
00010010

size=5x6
011011
001010
010010
010100
110110

size=21x61
0110000000000000000000000000000000000000000000000000000000000
1001000100010001000100010001000100010001000100010001000100010
0000101010101010101010101010101010101010101010101010101010101
1001000100010001000100010001000100010001000100010001000100010
0111000000000000000000000000000000000000000000000000000000000
0011000000000000000000000000000000000000000000000000000000000
0011000000000000000000000000000000000000000000000000000000000
0001000000000000000000000000000000000000000000000000000000000
0001000000000000000000000000000000000000000000000000000000000
0001000000000000000000000000000000000000000000000000000000000
0001000000000000000000000000000000000000000000000000000000000
0001000000000000000000000000000000000000000000000000000000000
0001000000000000000000000000000000000000000000000000000000000
0001000000000000000000000000000000000000000000000000000000000
0011000000000000000000000000000000000000000000000000000000000
0011000000000000000000000000000000000000000000000000000000000
0111000000000000000000000000000000000000000000000000000000000
1001000100010001000100010001000100010001000100010001000100010
0000101010101010101010101010101010101010101010101010101010101
1001000100010001000100010001000100010001000100010001000100010
0110000000000000000000000000000000000000000000000000000000000

size=9x10
0001000011
0001110010
0110001010
1001101011
0100000010
1101011001
0101000110
0100111000
1100001000

size=6x6
110000
101000
011000
000110
000101
000011

size=22x24
000000000000011000000000
000000000000100100000000
000000000000010100000000
000000000110001000000000
000000000010110000000000
000000000000100000000000
000000000000100000000000
000000000000000000000000
110000000011100000010000
111101000000001000110000
101001110100001000000000
000000000100001011100101
000011000100000000101111
000010000001110000000011
000000000000000000000000
000000000001000000000000
000000000001000000000000
000000000011010000000000
000000000100011000000000
000000001010000000000000
000000001001000000000000
000000000110000000000000

size=11x20
11000000000000000011
01000000000000000010
01010000000000001010
00110000000000001100
00000001000010000000
00000110111101100000
00000001000010000000
00110000000000001100
01010000000000001010
01000000000000000010
11000000000000000011

size=3x4
0011
0110
1100

size=19x22
0000000000011000001111
0000000001101100010001
0000000001111000000001
0000000000110000010010
0000000000000000000000
0000000010000000000000
0000000110000000011000
0000001000000000100100
0000000111110000100100
0000000011110001101100
0000000000010000110000
0000000000000000000000
0000000000000000000000
0000000000000000000000
0000000000000000001111
1001000000000000010001
0000100000000000000001
1000100000000000010010
0111100000000000000000

size=3x5
11000
10111
00001

size=5x8
11000011
10100101
00100100
10100101
11000011

size=7x7
1100001
0100111
0101000
0010100
0001010
1110010
1000011

size=35x34
0001001100000000000000000000000000
0111010101000000000000000000000000
0100111001100000000000000000000000
1001111110101110000000000000000000
0100111010111110000000000000000000
0000001010101000000000000000000000
1010001010111110000000000000000000
1001010010110001000000000000000000
0001001100000001110000000000000000
0100011111011100110000000000000000
0000100000000010000000000000000000
0010100000000010000000000000000000
0000110111110001000000000000000000
0000001011100100000110000000000000
0000001001000101110110000000000000
0000000011000111010010001000000000
0000000011000011011110001110000000
0000000000000000000101001000000000
0000000000000101000001100110000000
0000000000000100100000101110000010
0000000000000100010000110010001001
0000000000000001110000011000000001
0000000000000001010010010000011001
0000000000000000010011011010010000
0000000000000000100000001010000000
0000000000000000010001111000000000
0000000000000000001000100000000000
0000000000000000000000000000000000
0000000000000000000000010000000000
0000000000000000000000101000000000
0000000000000000000001100000000000
0000000000000000000001010000000000
0000000000000000000001100000000000
0000000000000000000000010000000000
0000000000000000000000100000000000

size=18x23
00000000000100000000000
00000000000000000000000
00000000000000000000000
00000100100000100100000
00011001011111010011000
00000100000000000100000
00010110000000001101000
01010001110001110001010
11101000000000000010111
00000000001010000000000
00001110001010001110000
00001001000100010010000
00011110010101001111000
00011001110101110011000
00100010001010001000100
00010010101010101001000
00001010110001101010000
00000100000000000100000

size=4x12
010000000010
101110011101
010010010010
000010010000

size=7x7
0110000
0100011
0010101
0000000
1010100
1100010
0000110

size=12x24
010000000000110000000000
111110000001100000000000
100110000000010000000110
001101000001100000011101
000000000001100010110000
000001010000001100000000
000000000011101000010000
000000011100010000100000
000000001000000010000000
000000001000000100000000
000000000000000000000000
000000000001000000000000

size=11x11
00001000000
00111000000
01000000000
01001110000
11010001000
00010001000
00010001011
00001110010
00000000010
00000011100
00000010000

size=2x4
0011
1110

size=8x7
0001000
0111001
1000111
1110000
0000111
1110001
1001110
0001000

size=13x31
0000000000100000000000000000000
0000000000100000000000000011000
0000001101011100000000001100010
1011011011001010001101111000000
1000110010110011100101100110001
1011000011101011100000011001000
0000000011010000000000000001001
1011000011101011100000011001000
1000110010110011100101100110001
1011011011001010001101111000000
0000001101011100000000001100010
0000000000100000000000000011000
0000000000100000000000000000000

size=6x6
110000
101000
011000
000110
000101
000010

size=9x9
000110100
000101100
110100000
010010111
100101001
111010010
000001011
001101000
001011000

size=3x5
11000
10011
01101

size=27x29
00000000100000000000100000000
00000001010000000001010000000
00000000100000000000100000000
00000000000000000000000000000
00000011111000000011111000000
00000100001000000010000100000
00001001000000000000010010000
01001011000000000000011010010
10101000001000000010000010101
01001000010100000101000010010
00001100100100000100100110000
00000000011000000011000000000
00000000000001100000000000000
00000000000001010000000000000
00000000100100100000000000000
00000001000000000000000000000
00000110000000000111000000000
00100000011010000111000000000
00000100010010000111000000000
00000111010001000000111000000
00100000000000100000111000000
00010001011100000000111000000
00001001000100000000000000000
00001011000000100000000000000
00000000001100000000000000000
00000000010000000000000000000
00000100100000000000000000000

size=7x6
001000
001010
100001
111111
000000
001100
001100

size=5x7
0000100
1101010
0101010
0101011
0010000

size=10x22
0000001100000000000110
0010100100000011010010
0101101000000010110100
0100001100000000000110
1101100000000010110001
0001101100001110110110
1100001000010000000100
0101101000001110110100
1001010000000010101000
1100000000000000000000

size=20x17
00000000000000110
00000000000000110
00000000111000000
00000000001000000
00000000010000011
00000000000000101
00000000000000001
00000000000000000
00000000000000000
00000000000000000
00000000000000000
00000000000000000
00000000000000000
00000000000000000
00000000000000000
00000000000000000
00000000000000000
01000000000000000
01100000000000000
10100000000000000

size=3x3
110
101
011

size=7x11
11000000000
10000000000
01001000000
00011000000
00010001011
00100001101
00110000000

size=11x11
00000110000
00001001000
00001011000
01101000000
10101011110
10000000001
01111010101
00000010110
00011010000
00010010000
00001100000

