size=9x10
0000001000
0000001010
0000001100
0000000000
1110000000
0010000000
0100000110
0000000011
0000000100

size=12x12
001011100000
110101111101
101011010100
011110101110
101011011101
011101101010
001000111001
010110101010
111011110101
110111100010
010101100100
011010011010

size=27x36
000000000010100000000000000000000000
000000000001100000000000000000000000
000000000001000000000000000000000000
000000000000000000000000000000000000
000000000000000000000000000000000000
000000000000000000000000000000000000
000000000000000000000000110000100000
000000000000000000100000110000110000
000000000000000000011000000001010000
000000000000000000110000000000000000
000000000000000000000000000000000000
000000000000000000000000000000000000
000000000000000000000000000000000000
000000000000000000000000000000000000
000000000000000000000011000000000000
000000000000000000000001100000000000
000000000000100000000010000000000000
000000000000101000000000000000000000
000000000000010100000000011000000000
110000000000010010000000111000000000
110000000000010100000101100000000000
000000000000101000000100100000000000
000000000000100000000101100000000000
000000000000000000000000111000001100
000000000000000000000000011000001010
000000000000000000000000000000000010
000000000000000000000000000000000011

size=2x4
1001
0110

size=11x18
000010000000010000
001110000000011100
010000000000000010
010011100001110010
110100010010001011
000100011110001000
000100010010001000
000011100001110000
000000000000000000
000011010010110000
000010110011010000

size=10x10
0000110000
0000010000
0001000000
0010111100
0010000100
0110100000
0010101111
1010100001
1100011100
0000000110

size=15x15
000000011100000
000000100100000
000000010001000
001000001110000
000100000100000
110110000000000
100100000000010
101000000000101
010000000001001
000000000011011
000001000001000
000011100000100
000100010000000
000001001000000
000001110000000

size=9x36
000000000000000000000000100000000000
000000000000000000000010100000000000
000000000000110000001100000000000011
000000000001000100001100000000000011
110000000010000010001100000000000000
110000000010001011000010100000000000
000000000010000010000000100000000000
000000000001000100000000000000000000
000000000000110000000000000000000000

size=20x20
00000000001100000000
00000000001000000000
00001101101000011000
00100101010000010000
00110000100000000100
00000000000000001100
00000000000000000000
00000000000000001100
10000000001110010100
11100000001010001000
00010000001010000111
00101000000000000001
00110000000000000000
00000000000000000000
00110000000000000000
00100000000100001100
00001000001010100100
00011000010110110000
00000000010000000000
00000000110000000000

size=40x50
00000001000000000000000000000000000000000000000000
00110001010000100000000000000000000000000000000000
00100110010101101001110011000000000000000000000000
00001100000001101010110011000000000000000000000000
00011100000001000000011100000000010000000000000000
00000000000000000000000100000001110000000000000000
00000000000000000000000100000010000000011100000000
00000000000000000000000000000011000000010010000000
00000000011000000000000001000000000000010000000000
00000000011000000000000010000000000000010001000000
00000000000000000000000001100000000000010000000000
00000000000000000000000010100000000000001010000000
00000000000000000000000000000000000000000000000000
00000000000000000000000101000001110000000000000000
00000000000000000000000010000010010000000000000011
11000000000000111000000010000001100000000000110101
11000000000001000100000000000000000000000000110100
00000000000001101100000000000000000000000000000010
00000000000000000000000000000000011000000000110110
00000000000000000000000000000011000000000000010100
00000000000000000000000000000000000000000000010100
00000000000000000000000000000000000000000000001000
00000000000001101100000000000001010000000000000000
11000000000001000100000000000001100000000000000000
11000000000000111000000000000000000000000000000000
00000000000000000000000000011000000000000000000000
00000000000000000000000000010100000000000000000000
00000000000000000000000000000100000000000000000000
00000000000000000000000000000110000000000000000000
00000000000000000000000000000000000000000000000000
00000000011000000000000000000000000000000000000000
00000000011000000000000000000000000000000000000000
00000000000000000000000000000000000000000000000000
00000000000000000000000100000000000000000000000000
00000000000000000000000100000000000000000000000000
00011100000001000000011100000000000000000000000000
00001100000001101010110011000000000000000000000000
00100110010101101001110011000000000000000000000000
00110001010000100000000000000000000000000000000000
00000001000000000000000000000000000000000000000000

size=15x17
00000000110000000
00000001100000000
00000000010000000
00000000000110000
00000000001000000
00000000000000000
00000000010011000
01100000110000100
11000001000001000
00100001010001100
00001001000011010
00001100000001100
00000000100001011
00000001010010110
00000000100000000

size=3x5
11001
10001
10011

size=9x13
0000001000000
0000010100000
0000101010000
0100100010010
1010100010101
0100100010010
0000101010000
0000010100000
0000001000000

size=20x25
0000000001100000000000000
0000000001100000000000000
0000000000000000000000000
0000000000100000000000000
0000000001010000000000000
0000000001010000000000000
0000000000100000000000000
0000000000000000000000000
0000000000000000000000000
0000000110101100000000000
0000000100000100000000000
0000000010001000000000000
0100000001110000000000000
0010000000000000000000000
1110000000000000000000000
0000000000000000000000000
0000000000000000000000000
0000000000000000010000100
0000000000000001101111011
0000000000000000010000100

size=3x3
111
100
010

size=7x8
00011000
00011000
00000000
00000000
00100100
10100101
01100110

size=8x8
00110000
01001000
01010000
11010010
00001101
00000001
00001110
00001000

size=21x20
00000000011000000000
00000000110111100000
01000000011111100000
10000000001111000000
11100000000000000000
00000000000000000000
00000000000000000000
00000000000000000000
00000000000000000000
00010000000000000000
01000100000000000000
10000000000000000000
10000100000000000000
11111000000000000000
00000000000000000000
00000000000000000000
00000000000001111110
00000000000001000001
00000000000001000000
00000000000000100001
00000000000000001100

