size=12x13
0000000011000
0000000110000
0000000001000
0000000000011
0000000000100
0000000000000
0000000001001
0110000011000
1100000100000
0010000101000
0000110010000
0000110000000

size=7x7
1100000
1010000
0000000
0010100
0000000
0000101
0000011

size=2x4
1111
0001

size=9x22
0000000001000000000000
0000000101000000000000
0000001010000000000000
1100010010000000000000
1100001010000000000000
0000000101000000001100
0000000001000000001010
0000000000000000000010
0000000000000000000011

size=29x29
00000000001110001110000000000
00000000000000000000000000000
00000000100001010000100000000
00000000100001010000100000000
00000000100001010000100000000
00000000001110001110000000000
00000000000000000000000000000
00000000111000000011100000000
00111001000010001000010011100
00000001000010001000010000000
10000101000010001000010100001
10000100000000000000000100001
10000100111000000011100100001
00111000000000000000000011100
00000000000000000000000000000
00111000000000000000000011100
10000100111000000011100100001
10000100000000000000000100001
10000101000010001000010100001
00000001000010001000010000000
00111001000010001000010011100
00000000111000000011100000000
00000000000000000000000000000
00000000001110001110000000000
00000000100001010000100000000
00000000100001010000100000000
00000000100001010000100000000
00000000000000000000000000000
00000000001110001110000000000

size=6x6
110011
100101
010000
000010
101001
110011

