size=5x4
0011
0011
0000
1111
1001

size=3x4
1011
1110
0100

size=3x4
0110
1001
0111

size=4x4
1100
1000
0001
0011

size=25x17
00000000000001110
00000000000011111
00000000000110111
00000000000011000
00000000000000000
00000000000000000
00000000010100000
00100000100100000
01111100010100000
11000110110000000
01000000010000000
00110010010000000
00000000001000000
00110010010000000
01000000010000000
11000110110000000
01111100010100000
00100000100100000
00000000010100000
00000000000000000
00000000000000000
00000000000011000
00000000000110111
00000000000011111
00000000000001110

size=11x10
0000110000
0000010000
0000100000
0001011100
0001010010
1101000101
1101000010
0000111100
0000000000
0000110000
0000110000

size=10x10
0000110000
0001001000
0001010000
0110100010
1001000101
1010001001
0100010110
0000101000
0001001000
0000110000

size=11x17
01110000000001110
10101100000110101
10101000000010101
01011011011011010
00000101010100000
00010101010101000
00110101010101100
00111001010011100
00110010001001100
01000011011000010
01000000000000010

size=6x7
0000011
1110101
0000000
0101001
1000010
1100010

size=4x7
1100011
1010101
0010100
0110110

size=3x3
010
111
111

size=10x23
11000000000000000000000
11000000000000000000000
00000000000000000000000
00000000000000000000000
01100000000000000000110
01100000000000000000110
00000000000000000000000
00000000000000000000000
00000000000000000000011
00000000000000000000011

size=32x44
00001010000001100000000000000000000000000000
00000110000001100000000000000000000000000000
00000100000000000000000000000000000000000000
00000000000000000000000000000000000000000000
00000000000000000000000000000000000000000000
00000000000000000000000000000000000000000000
00000000000000000000000000000000000000000000
00000000000000000000000000000000000000000000
00000000000000000000000000000000000000000000
00000000000000000000000000000000000000001000
00000000000000000000000000000000000000010100
00000000000000000000000000000000000000010100
00000000000000000000110000000000000000110110
00000000000000000000110000000000000000000000
00000000000000000000000000000000000000110110
00110000000000000000000000000000000000110100
01010000000000000000000000000000000000000001
01000000000000000000000000000000000000000011
11000000000000000000000000000000000000000000
00000000000000000000000000000000000000000000
00000000000000000000000000000000001100000000
00000000000000000000000000000000001100001100
00000000000110000000000000000000000000001010
00000000001010000000000000000000000000000010
00000000001000000000000000000000000000000011
00000000011000000000000000000000001100000000
00000000000000000000000000000000001100000000
00000000000000000000000000000000000000000000
00000000000000000000000000000000000000000000
00000000000000000000000000000100000000000000
00000000000000000000000000001010000000000000
00000000000000000000000000000100000000000000

size=11x23
11000000000110000000000
11110100000110000000000
10100111000000000000000
00000000000100000000000
00001100001010000000000
00001000001001000010000
00000000000110000110000
00000000000000000000000
00000000000000011100101
00000000001100000101111
00000000001100000000011

size=3x3
110
101
010

size=7x4
0010
0101
1001
0110
1001
1010
0100

size=7x6
000110
001001
000110
000000
011110
100001
110011

size=5x6
011000
100100
011010
000010
000011

size=16x22
0000000000000000000101
0000000000000000000110
0000000000000000000010
0000000000000000000000
0000000000000000000000
0000000000000000000000
0001000000000000000000
0010000000000000000000
0011100000000000000000
0000000000000000000000
0000000000000000000000
0000000000000000000000
0000000000000000000000
1100010000000000000000
1100010100000000000000
0000011000000000000000

size=24x25
0000001000000000000000000
0000000100000000000000000
0000011100000000000000000
0000000000000000000000000
0000000000000000000000000
0000000000000000000000000
0000000000000000000000000
0000000000000000000000000
0000000000000000000000000
0000000000000000000000000
0000000000000000100000000
0000000000000010100000000
0000000000110001100000000
0000000000011000000000000
0000000000100000000001011
0000000000000000000001101
0000000000000000000000000
0000000000000000000000000
0000000000000000000000000
0000000000000000000000000
0000000000000000000000000
0100000000000000000000000
0110000000000000000000000
1010000000000000000000000

size=14x16
0000000000000011
0000000000000101
0000000000001000
0000000000010000
0000000000100000
0000000001000000
0000000010000000
0000000100000000
0000001000000000
0000010000000000
0000100000000000
0001000000000000
1110000000000000
0100000000000000

size=12x12
100000000000
111000000000
000100000000
001100000000
000110000000
000011000000
000100100000
000100110000
000011011100
000000001010
000000000010
000000000011

size=18x18
000011000000110000
000100100001001000
000101000000101000
011001110011100110
100000010010000001
101100000000001101
010100000000001010
000110000000011000
000000000000000000
000000000000000000
000110000000011000
010100000000001010
101100000000001101
100000010010000001
011001110011100110
000101000000101000
000100100001001000
000011000000110000

size=10x16
0000000100000000
0000011100001100
0000100011001000
0100101100101000
1010100001100110
0110011000010101
0001010011010010
0001001100010000
0011000011100000
0000000010000000

size=5x12
100000000001
011110000001
001100000001
000000000010
000000001010

size=4x4
1000
1100
1010
0111

size=17x18
000000000000000011
000000000000000101
000000000000001000
000000000000010000
000000000000100000
000000000001000000
000000000010000000
000000000100000000
000000001000000000
000000010000000000
000000100000000000
000001000000000000
111110000000000000
000010000000000000
000010000000000000
000010000000000000
000010000000000000

size=15x16
0000000000000011
0000000000000101
0000000000001000
0000000000010000
0000000000100000
0000000001000000
0000000010000000
0000000100000000
0000001000000000
0000010000000000
0000100000000000
0001000000000000
1110000000000000
0010000000000000
0010000000000000

size=1x3
111

size=4x4
0100
1010
0101
0010

size=6x7
0000110
0001001
0001011
1101000
1001000
0110000

size=2x5
11011
11011

size=7x7
0010000
0101000
1001000
0110110
0001001
0001010
0000100

size=15x27
000000000011110000000000000
000000000010001000000000000
000000000010000000000000000
011000000001001000000000000
110110000000000000000000000
011110001000000000000000000
001100010110000000010000111
000000100010000000010000101
001100010110000000010000111
011110001000000000000000000
110110000000000000000000000
011000000001001000000000000
000000000010000000000000000
000000000010001000000000000
000000000011110000000000000

size=8x12
100110000100
110010110100
000010100000
000001100000
000000010000
000000010001
000000000101
000000000010

size=7x7
0110000
1001000
1001000
0110110
0001001
0001001
0000110

size=5x10
0000001010
0000010000
1100100001
1101001011
0000110000

size=7x7
0100000
1010000
1001000
0110100
0001010
0001001
0000110

size=3x4
0011
1001
1110

size=6x6
000110
000110
000000
011110
100001
110011

size=7x7
0010000
1100000
0011000
0100010
0001100
0000011
0000100

size=7x17
00000001110000000
00000001000000000
11100000010000000
10000001010000000
01000011011110000
00011110111110110
00001100000001101

size=6x6
010000
101000
011000
000110
000101
000010

size=7x6
000100
010100
000001
111110
000001
010100
000100

size=18x9
000100000
010001000
100000000
100001000
111110000
000000000
000000000
000000000
011000000
110111000
011110000
001100000
000000000
000001100
000100001
001000000
001000001
001111110

size=21x39
011000000000000000000000000000000000000
011000000000000000001000000000000000000
000000000000000000010100000000000010100
000000000000000000001000000000000100000
110000000110000000000000000000000010010
110100000110000000000000000000000010101
000100000000000000000000000100000001001
000100000000000000000000000110000000110
100100000000000000000110000010000000000
011000000000000000000100000000000000000
000000000000000000000111000000000000000
000000000000000000000000000000000000110
000000000000000000000000000000000000110
011000000000000000000000000000000000000
100100000000000000000000000000000000000
101010000000000000000101000011000001100
010010000000000000000011000011000001101
000001000000000000100010000000000000001
001010000000000001010000000000000000001
000000000000000000100000000000000001001
000000000000000000000000000000000000110

size=5x12
010000000010
101000000101
010110011010
000010010000
000010010000

size=3x4
0110
1001
0110

size=2x2
11
11

size=14x11
00000100000
00001010000
00001010000
00011011000
00100000100
01010101010
01010001010
11010001011
10010101001
00100000100
00011011000
00001010000
00001010000
00000100000

size=12x24
001000000000000000000000
101000000000000000000000
011000000000000000000000
000000000001000000000000
000000000101000000000000
000000001010000000000000
000000010010000000000011
000000001010000000000011
000110000101000000000000
001010000001000000000000
001000000000000000000000
011000000000000000000000

size=5x5
11000
10100
00000
00101
00011

size=18x27
000001110000000000011100000
000010001000000000100010000
000110000100000001000011000
001010110110000011011010100
011010000101101101000010110
100001000100101001000100001
000000000000101000000000000
110000000110101011000000011
000000000000101000000000000
000000111000000000111000000
000000100010000000001000000
000000101000011100000000000
000000000000100100001100000
000000000000000100000000000
000000000001000100000000000
000000000001000100000000000
000000000000000100000000000
000000000000101000000000000

size=18x18
000111000000000000
000100111000000000
000010100000000000
110000000100000000
101000010010000000
100000000110000000
011000000000000000
010010000010110000
010000000001101000
000101000000110010
000011010000110001
000000001000000010
000000011110001010
000000010110001111
000000001000110100
000000000000011000
000000000101110000
000000000010010000

size=3x4
1100
1010
0011

size=4x8
10000010
00100010
00100101
01010000

